date,open,high,low,close,adj_close,volume
2020-07-27,156.585,158.74,156.585,157.685,150.22,16401
2020-07-28,156.265,158.53,156.23,157.09,149.65,17419
2020-07-29,159.17,163.295,159.17,161.57,153.92,33769
2020-07-30,158.785,161.38,158.295,161.11,153.48,23697
2020-07-31,160.17,160.33,157.29,159.5,151.95,27263
2020-08-03,160.22,162.73,160.22,160.99,153.37,28354
2020-08-04,160.98,162.17,157.48,157.84,150.37,29275
2020-08-05,159.725,159.905,157.155,157.735,150.27,14821
2020-08-06,157.23,157.34,154.78,155.895,148.51,28710
2020-08-07,156.525,156.825,152.405,154.14,146.84,21631
2020-08-10,154.445,156.85,153.975,155.91,148.53,39824
2020-08-11,157.5,160.195,157.5,158.76,151.24,22246
2020-08-12,159.44,160.97,159.075,160.62,153.01,24185
2020-08-13,159.61,160.02,158.98,159.19,151.65,8995
2020-08-14,158.75,159.87,158.23,158.76,151.24,8938
2020-08-17,159.31,160.45,157.68,158.06,150.57,6876
2020-08-18,158.91,158.91,155.97,157.55,150.09,13755
2020-08-19,157.55,157.55,156.28,157.02,149.58,15296
2020-08-20,156.01,156.38,154.63,154.77,147.44,6659
2020-08-21,155.0,155.0,152.585,153.54,146.27,15304
2020-08-24,154.025,154.67,151.99,153.06,145.81,9048
2020-08-25,154.775,154.78,153.9,154.57,147.25,20216
2020-08-26,153.0,154.555,151.885,154.125,147.21,4595
2020-08-27,154.825,157.57,154.825,156.94,149.9,16610
2020-08-28,158.02,158.435,155.87,157.69,150.61,12554
2020-08-31,157.86,160.39,157.86,159.65,152.48,11154
2020-09-01,159.75,160.23,157.73,158.835,151.71,21094
2020-09-02,159.31,164.11,159.2,163.72,156.37,11759
2020-09-03,162.03,162.08,158.765,160.58,153.37,17381
2020-09-04,161.98,162.08,157.675,157.99,150.9,6144
2020-09-08,156.77,159.575,156.15,159.13,151.99,78466
2020-09-09,160.87,163.7,160.785,162.99,155.67,25394
2020-09-10,163.61,165.21,161.35,162.16,154.88,30219
2020-09-11,163.34,164.17,161.765,162.29,155.01,31923
2020-09-14,164.135,167.75,164.135,167.32,159.81,18273
2020-09-15,166.995,170.65,166.995,169.68,162.06,19928
2020-09-16,170.735,171.48,169.36,170.15,162.51,21532
2020-09-17,168.38,171.73,168.02,171.53,163.83,15512
2020-09-18,173.18,176.04,172.535,175.9,168.0,30723
2020-09-21,171.55,172.19,168.55,172.03,164.31,37307
2020-09-22,169.435,169.65,166.645,169.59,161.98,34217
2020-09-23,170.0,170.115,165.19,165.66,158.22,17527
2020-09-24,164.69,168.3,164.36,167.17,159.67,12538
2020-09-25,166.345,170.62,166.345,170.19,162.55,13535
2020-09-28,172.715,175.25,172.715,173.23,165.45,15032
2020-09-29,173.96,174.585,172.435,172.79,165.03,22726
2020-09-30,173.24,177.75,173.24,176.52,168.6,40076
2020-10-01,177.1,178.42,173.39,174.405,166.58,30342
2020-10-02,172.185,173.965,171.61,172.75,165.0,18473
2020-10-05,174.16,174.8,173.42,174.755,166.91,18522
2020-10-06,176.505,184.71,176.21,181.09,172.96,41961
2020-10-07,182.075,186.02,181.7,185.76,177.42,18551
2020-10-08,185.92,186.9,185.92,186.74,178.36,12317
2020-10-09,188.08,189.34,186.61,188.39,179.93,15996
2020-10-12,188.75,192.9,188.75,191.785,183.18,12813
2020-10-13,190.88,190.97,187.45,187.76,179.33,18254
2020-10-14,190.595,190.66,185.94,186.9,178.51,15497
2020-10-15,185.535,188.31,185.535,187.495,179.08,20311
2020-10-16,188.12,190.28,188.12,189.005,180.52,9679
2020-10-19,190.34,190.34,186.19,186.19,177.83,4587
2020-10-20,186.97,188.6,186.24,186.59,178.21,7423
2020-10-21,187.555,187.555,185.99,186.255,177.89,9306
2020-10-22,187.29,189.35,187.265,187.98,179.54,11116
2020-10-23,187.52,188.93,186.01,187.6,179.18,6918
2020-10-26,186.09,186.21,183.86,186.21,177.85,10321
2020-10-27,186.21,187.475,185.025,185.115,176.81,14868
2020-10-28,181.52,182.14,178.265,178.46,170.45,11834
2020-10-29,176.29,179.235,175.64,177.62,169.65,21345
2020-10-30,177.21,177.98,172.9,177.03,169.08,23979
2020-11-02,178.59,182.39,178.03,181.45,173.31,43968
2020-11-03,181.24,185.445,174.36,176.5,168.58,40503
2020-11-04,179.32,181.6,176.44,177.77,169.79,22803
2020-11-05,179.205,179.78,178.175,179.46,171.4,22674
2020-11-06,180.12,182.51,179.45,181.69,173.53,21486
2020-11-09,190.105,195.2,190.105,190.53,181.98,38452
2020-11-10,190.375,190.375,184.25,189.53,181.02,29085
2020-11-11,190.255,190.255,187.81,189.27,180.77,7349
2020-11-12,188.925,189.75,186.17,189.0,180.52,12132
2020-11-13,190.69,193.185,189.79,192.58,183.94,9572
2020-11-16,192.685,196.32,192.605,195.57,186.79,20831
2020-11-17,194.28,195.51,192.12,195.23,186.47,20987
2020-11-18,194.95,195.11,190.63,191.795,183.19,17002
2020-11-19,191.8,195.15,191.57,194.41,185.68,11107
2020-11-20,194.29,196.76,193.92,196.065,187.26,31850
2020-11-23,196.295,196.295,188.405,189.4,181.27,20499
2020-11-24,189.515,191.67,188.42,190.5,182.32,15011
2020-11-25,191.05,191.05,188.85,189.29,181.16,17863
2020-11-27,189.02,191.94,188.49,191.68,183.45,10546
2020-11-30,191.585,193.65,190.37,193.32,185.02,31339
2020-12-01,194.375,194.87,192.345,193.78,185.46,30858
2020-12-02,193.455,194.37,192.585,192.79,184.51,19923
2020-12-03,191.76,193.02,190.87,192.31,184.05,16323
2020-12-04,193.4,194.02,192.455,193.46,185.15,18035
2020-12-07,193.06,193.06,187.005,187.675,179.62,35073
2020-12-08,186.1,189.32,186.1,189.32,181.19,18243
2020-12-09,189.58,189.58,187.19,188.42,180.33,19878
2020-12-10,188.13,190.78,186.965,190.1,181.94,13072
2020-12-11,189.58,189.855,186.08,186.28,178.28,16031
2020-12-14,189.075,189.34,185.98,186.27,178.27,25791
2020-12-15,186.915,190.52,186.81,188.23,180.15,23468
2020-12-16,187.85,188.31,181.34,181.535,173.74,32339
2020-12-17,181.75,183.73,180.67,182.63,174.79,43918
2020-12-18,182.11,185.0,182.11,184.99,177.05,31837
2020-12-21,182.3,184.265,179.205,184.18,176.27,14466
2020-12-22,183.05,184.23,181.77,182.61,174.77,12661
2020-12-23,183.6,185.0,182.36,184.195,176.29,19890
2020-12-24,185.11,186.1,184.3,186.1,178.11,12355
2020-12-28,187.5,188.33,185.6,185.77,177.79,29738
2020-12-29,187.26,187.8,184.57,185.62,177.65,14679
2020-12-30,186.015,187.77,185.54,186.45,178.45,10099
2020-12-31,185.41,189.54,185.41,189.42,181.29,17970
2021-01-04,190.82,192.37,186.59,188.38,180.29,32774
2021-01-05,187.74,193.13,187.74,191.76,183.53,21985
2021-01-06,191.35,196.91,191.35,195.7,187.3,52209
2021-01-07,196.285,200.15,195.455,199.83,191.25,16257
2021-01-08,200.43,203.53,200.39,203.01,194.29,20669
2021-01-11,201.32,203.72,199.82,200.17,191.58,22241
2021-01-12,199.91,200.715,190.82,191.98,183.74,64244
2021-01-13,192.03,195.5,191.62,194.155,185.82,37296
2021-01-14,193.85,197.78,189.485,189.76,181.61,27555
2021-01-15,188.31,189.515,183.99,183.99,176.09,36165
2021-01-19,185.23,188.78,182.17,188.78,180.68,61615
2021-01-20,188.52,191.27,188.42,189.49,181.35,39185
2021-01-21,189.195,190.09,187.42,188.24,180.16,36808
2021-01-22,188.805,189.375,187.135,188.8,180.69,30919
2021-01-25,188.92,190.86,188.5,190.395,182.22,42168
2021-01-26,190.61,193.65,189.885,193.3,185.0,46611
2021-01-27,191.115,192.32,187.455,192.32,184.06,166148
2021-01-28,193.13,194.77,189.72,191.19,182.98,104068
2021-01-29,189.15,191.31,185.555,187.05,179.02,39985
2021-02-01,188.42,189.1,184.08,186.33,178.33,87704
2021-02-02,188.41,193.34,187.11,191.34,183.13,59178
2021-02-03,188.75,188.79,176.56,182.8,174.95,91048
2021-02-04,186.27,189.81,184.83,185.53,177.56,49184
2021-02-05,186.765,187.46,182.97,182.97,175.11,38101
2021-02-08,183.4,186.02,182.89,183.82,175.93,50439
2021-02-09,184.815,185.98,182.63,182.81,174.96,11974
2021-02-10,184.55,184.855,182.73,183.325,175.45,34736
2021-02-11,183.27,184.165,182.0,182.38,174.55,37030
2021-02-12,182.49,183.95,181.82,182.975,175.12,124025
2021-02-16,183.27,183.98,181.775,182.43,174.6,65553
2021-02-17,181.895,184.99,181.895,184.99,177.05,72652
2021-02-18,183.67,185.005,181.975,181.975,174.16,81977
2021-02-19,182.185,182.535,178.28,178.45,170.79,28808
2021-02-22,176.5,177.19,173.12,175.64,168.1,38823
2021-02-23,174.98,175.87,172.52,173.26,166.2,40923
2021-02-24,173.95,175.05,172.5,173.225,166.17,39664
2021-02-25,173.3,174.915,171.94,172.95,165.9,20780
2021-02-26,173.18,176.18,172.26,174.89,167.76,113147
2021-03-01,176.56,179.35,175.91,177.94,170.69,30744
2021-03-02,178.55,178.57,175.84,177.79,170.55,37453
2021-03-03,177.62,177.62,171.44,171.525,164.54,59414
2021-03-04,171.045,177.03,170.61,171.24,164.26,265331
2021-03-05,172.52,177.64,172.52,177.33,170.1,30297
2021-03-08,176.605,176.605,170.93,172.84,165.8,54667
2021-03-09,174.97,179.69,174.75,178.89,171.6,54015
2021-03-10,179.35,180.6,178.11,179.915,172.58,47558
2021-03-11,180.92,182.125,179.94,181.53,174.13,36813
2021-03-12,180.47,185.295,180.06,184.03,176.53,34273
2021-03-15,184.79,187.15,184.38,187.15,179.52,46638
2021-03-16,186.25,188.18,185.58,186.84,179.23,37481
2021-03-17,186.7,187.8,186.23,186.885,179.27,21159
2021-03-18,185.41,187.5,185.41,187.05,179.43,25887
2021-03-19,187.58,188.43,186.41,186.99,179.37,45785
2021-03-22,185.56,186.57,184.755,186.43,178.83,35846
2021-03-23,185.97,186.85,184.83,185.75,178.18,35211
2021-03-24,185.4,189.29,185.4,188.07,180.41,20393
2021-03-25,186.01,191.39,186.01,190.82,183.04,39685
2021-03-26,190.34,193.72,190.22,193.72,185.83,22966
2021-03-29,193.69,195.595,191.1,192.66,184.81,30583
2021-03-30,192.26,192.53,189.35,189.58,181.86,24150
2021-03-31,190.41,191.94,189.21,190.605,182.84,20826
2021-04-01,191.15,193.74,187.49,193.51,185.62,55709
2021-04-05,195.22,198.32,195.05,195.83,187.85,60774
2021-04-06,195.835,196.98,194.48,194.48,186.56,62936
2021-04-07,194.65,194.76,192.44,193.625,185.74,31471
2021-04-08,194.56,198.35,193.995,198.14,190.07,45921
2021-04-09,198.53,200.18,197.07,199.16,191.04,28538
2021-04-12,199.345,201.07,199.26,200.62,192.45,22807
2021-04-13,200.02,203.145,200.02,202.99,194.72,14654
2021-04-14,202.345,205.485,202.345,204.98,196.63,40969
2021-04-15,205.85,208.11,205.58,206.87,198.44,93093
2021-04-16,206.76,208.6,206.0,208.29,199.8,41210
2021-04-20,208.925,211.18,208.02,209.32,200.79,38389
2021-04-21,209.74,212.63,209.05,212.63,203.97,27937
2021-04-22,212.48,213.5,210.245,212.39,203.74,29118
2021-04-23,211.78,215.405,210.75,214.92,206.16,47853
2021-04-26,214.62,216.69,214.29,216.535,207.71,28203
2021-04-27,213.455,214.38,212.195,212.53,203.87,103381
2021-04-28,210.92,211.76,210.63,210.89,202.3,39423
2021-04-29,211.27,213.095,210.395,213.06,204.38,57968
2021-04-30,212.67,212.93,209.14,210.96,202.36,41883
2021-05-03,211.78,214.79,211.44,213.32,204.63,28956
2021-05-04,212.39,213.59,211.31,212.0,203.36,31347
2021-05-05,212.005,212.025,208.81,209.34,200.81,50460
2021-05-06,208.84,210.31,208.18,210.29,201.72,36153
2021-05-07,210.67,213.82,210.67,211.5,202.88,23065
2021-05-10,210.52,211.43,207.64,207.74,199.28,36144
2021-05-11,206.0,206.85,203.37,204.55,196.22,54845
2021-05-12,203.17,203.37,197.62,197.67,189.62,39611
2021-05-13,198.57,199.93,197.69,198.92,190.81,44462
2021-05-14,199.53,200.3,197.66,197.855,189.79,45140
2021-05-17,197.99,198.75,196.36,196.53,188.52,29257
2021-05-18,196.29,196.815,194.62,196.0,188.01,37506
2021-05-19,193.54,194.21,188.32,189.27,181.56,60764
2021-05-20,190.27,192.06,189.01,189.32,181.61,29447
2021-05-21,192.18,194.43,190.15,190.5,182.74,27654
2021-05-24,190.995,191.21,189.52,190.02,182.28,9765
2021-05-25,190.05,191.96,189.94,191.355,183.56,28372
2021-05-26,191.35,195.375,191.35,194.18,186.27,60825
2021-05-27,193.43,193.87,190.9,191.05,183.64,40347
2021-05-28,192.73,193.17,190.62,190.85,183.45,25593
2021-06-01,191.27,191.54,188.11,188.23,180.93,38786
2021-06-02,188.47,192.255,188.39,191.2,183.79,50539
2021-06-03,190.63,193.07,189.715,190.03,182.66,39572
2021-06-04,191.09,193.71,190.98,193.61,186.1,28473
2021-06-07,194.17,194.95,192.46,193.87,186.35,31831
2021-06-08,194.75,195.855,190.975,195.75,188.16,76397
2021-06-09,196.25,196.335,194.64,195.61,188.03,48495
2021-06-10,196.06,198.93,196.06,198.24,190.55,79900
2021-06-11,198.25,200.12,197.65,198.47,190.78,54732
2021-06-14,198.85,199.45,197.505,198.28,190.59,93068
2021-06-15,198.37,198.37,196.87,198.27,190.58,22601
2021-06-16,198.19,200.815,198.15,198.92,191.21,48953
2021-06-17,198.8,201.84,198.56,200.17,192.41,29091
2021-06-18,198.775,200.385,197.54,199.1,191.38,33564
2021-06-21,199.685,201.55,197.65,201.36,193.55,31944
2021-06-22,202.195,205.215,202.09,204.52,196.59,31598
2021-06-23,204.14,206.44,203.07,205.59,197.62,22317
2021-06-24,206.47,206.775,204.11,204.295,196.37,25785
2021-06-25,205.77,207.17,205.35,206.73,198.72,19889
2021-06-28,207.06,207.74,205.66,207.22,199.19,24206
2021-06-29,207.68,208.0,205.755,206.415,198.41,28740
2021-06-30,205.89,206.58,204.75,206.31,198.31,23686
2021-07-01,206.56,208.96,206.56,208.96,200.86,33498
2021-07-02,209.725,209.725,207.91,209.62,201.49,16200
2021-07-06,209.65,210.76,208.08,210.725,202.56,23367
2021-07-07,210.37,213.37,209.43,213.37,205.1,17973
2021-07-08,211.36,211.89,210.3,211.18,202.99,23160
2021-07-09,211.655,212.68,210.59,211.22,203.03,29583
2021-07-12,210.465,211.77,210.45,210.82,202.65,10605
2021-07-13,210.725,210.725,208.23,208.65,200.56,19585
2021-07-14,209.23,209.23,207.065,208.01,199.95,21043
2021-07-15,206.78,207.12,204.33,206.66,198.65,27070
2021-07-16,208.32,209.07,206.52,207.69,199.64,16856
2021-07-19,206.53,207.58,203.19,204.29,196.37,13989
2021-07-20,205.275,210.025,205.275,208.42,200.34,24616
2021-07-21,208.365,209.81,206.97,209.81,201.68,11311
2021-07-22,210.195,212.24,210.1,212.16,203.94,18912
2021-07-23,213.195,213.565,211.91,212.5,204.26,35104
2021-07-26,212.295,212.295,210.29,211.705,203.5,12905
2021-07-27,211.31,214.9,211.31,214.835,206.51,18048
2021-07-28,215.11,215.45,213.62,214.29,205.98,30295
2021-07-29,215.33,217.15,214.41,216.91,208.5,18554
2021-07-30,217.365,219.38,216.32,217.995,209.54,19714
2021-08-02,219.53,219.82,217.87,218.27,209.81,19623
2021-08-03,218.895,218.96,216.63,218.96,210.47,19272
2021-08-04,218.88,219.36,216.19,216.49,208.1,17471
2021-08-05,216.79,216.79,214.21,215.425,207.07,33563
2021-08-06,216.51,216.77,214.29,216.25,207.87,44630
2021-08-09,216.555,216.66,214.95,214.95,206.62,55337
2021-08-10,218.5,223.94,215.235,217.555,209.12,60335
2021-08-11,218.13,219.23,216.805,217.51,209.08,26132
2021-08-12,216.34,218.52,216.34,218.165,209.71,19811
2021-08-13,218.58,220.16,218.09,218.85,210.37,14294
2021-08-16,219.185,222.26,218.865,221.93,213.33,22311
2021-08-17,221.58,225.89,221.58,225.89,217.13,27359
2021-08-18,225.67,225.67,216.17,216.17,207.79,33208
2021-08-19,214.48,216.06,213.39,214.84,206.51,27762
2021-08-20,214.44,215.41,213.02,214.95,206.62,30890
2021-08-23,215.715,216.2,212.93,213.23,204.96,27721
2021-08-24,212.88,215.74,212.8,213.65,205.37,18660
2021-08-25,213.48,216.43,212.91,215.855,207.49,33349
2021-08-26,215.025,215.03,212.455,212.58,204.34,22474
2021-08-27,213.255,215.905,212.555,213.57,205.29,15807
2021-08-30,213.74,215.77,213.74,214.7,206.38,13133
2021-08-31,214.07,215.34,213.355,215.01,206.67,20152
2021-09-01,215.09,217.58,213.9,217.19,208.77,22512
2021-09-02,218.26,219.14,217.62,218.04,210.0,12948
2021-09-03,217.43,218.55,215.26,217.8,209.77,12019
2021-09-07,216.27,216.27,213.185,214.34,206.44,23719
2021-09-08,214.475,216.85,214.475,216.73,208.74,10611
2021-09-09,217.13,217.35,212.6,213.13,205.27,30242
2021-09-10,213.94,213.94,209.63,209.63,201.9,21749
2021-09-13,211.51,211.51,208.545,210.36,202.61,31161
2021-09-14,211.46,216.31,211.46,215.91,207.95,28914
2021-09-15,214.41,218.1,214.41,214.94,207.02,35424
2021-09-16,214.515,216.15,213.0,215.65,207.7,24567
2021-09-17,215.25,215.81,212.01,215.45,207.51,43496
2021-09-20,212.75,214.46,210.915,212.51,204.68,36806
2021-09-21,213.85,215.05,211.415,212.14,204.32,56040
2021-09-22,212.28,216.03,212.11,215.865,207.91,26703
2021-09-23,217.47,220.84,217.47,220.54,212.41,22611
2021-09-24,220.8,220.8,219.15,220.27,212.15,12390
2021-09-27,218.14,218.16,213.345,215.04,207.11,21728
2021-09-28,213.565,213.565,209.99,210.57,202.81,24358
2021-09-29,211.52,211.52,207.43,209.11,201.4,23292
2021-09-30,209.815,210.54,204.31,204.31,196.78,29274
2021-10-01,202.95,208.97,202.3,207.53,199.88,36295
2021-10-04,207.585,207.965,203.94,206.02,198.43,23478
2021-10-05,206.75,210.2,206.5,207.71,200.05,20576
2021-10-06,206.89,212.55,205.69,212.31,204.48,46113
2021-10-07,213.87,217.775,213.61,217.325,209.31,36645
2021-10-08,217.965,219.54,217.51,219.5,211.41,70954
2021-10-11,219.43,221.96,219.14,221.57,213.4,57475
2021-10-12,222.84,223.615,217.53,218.24,210.2,38628
2021-10-13,218.42,220.765,217.14,220.18,212.06,32272
2021-10-14,223.92,225.26,222.88,224.31,216.04,37869
2021-10-15,224.12,225.38,222.83,225.14,216.84,18708
2021-10-18,223.32,224.03,221.85,223.26,215.03,19330
2021-10-19,225.32,229.08,225.32,226.88,218.52,17172
2021-10-20,227.94,228.405,223.15,225.85,217.53,39832
2021-10-21,226.29,232.51,225.51,232.51,223.94,20907
2021-10-22,233.52,235.35,232.85,235.32,226.65,16319
2021-10-26,234.82,236.075,234.51,235.32,226.65,18156
2021-10-27,233.92,234.83,231.3,232.185,223.63,24593
2021-10-28,233.54,234.815,231.75,232.93,224.34,17501
2021-10-29,232.965,234.31,232.755,233.77,225.15,32079
2021-11-01,234.92,236.21,234.5,235.87,227.18,33682
2021-11-02,235.455,236.98,235.075,236.55,227.83,37134
2021-11-03,233.335,235.54,222.37,222.51,214.31,74916
2021-11-04,222.77,226.1,221.05,222.26,214.07,21730
2021-11-05,221.575,226.31,221.55,224.63,216.35,26568
2021-11-08,226.27,230.235,225.21,229.99,221.51,17970
2021-11-09,229.66,232.28,227.88,229.02,220.58,33270
2021-11-10,230.045,232.2,228.4,232.11,223.55,21622
2021-11-11,231.65,231.97,228.93,231.55,223.01,10690
2021-11-12,232.29,232.29,228.575,231.55,223.01,20088
2021-11-15,232.2,233.14,230.26,232.26,223.7,18300
2021-11-16,232.28,237.24,232.28,236.34,227.63,39066
2021-11-17,236.04,236.04,230.75,231.55,223.01,49675
2021-11-18,231.11,233.99,229.62,233.98,225.36,17186
2021-11-19,233.95,235.07,232.36,233.46,224.85,34076
2021-11-22,231.65,233.57,230.53,231.06,222.95,22028
2021-11-23,229.09,229.535,227.29,228.87,220.84,14865
2021-11-24,228.66,229.13,226.995,227.985,219.99,13326
2021-11-26,227.36,230.27,226.84,227.58,219.6,24776
2021-11-29,229.46,230.32,226.5,226.77,218.81,21836
2021-11-30,225.185,226.8,217.6,218.55,210.88,40536
2021-12-01,220.58,221.1,215.775,215.775,208.2,29408
2021-12-02,215.545,221.68,215.545,220.42,212.69,17260
2021-12-03,220.23,220.24,217.38,219.79,212.08,13454
2021-12-06,220.98,226.09,220.94,225.5,217.59,16862
2021-12-07,227.195,230.515,227.045,228.25,220.24,23178
2021-12-08,227.98,231.49,227.98,230.5,222.41,18774
2021-12-09,230.37,233.05,230.37,232.56,224.4,22126
2021-12-10,233.365,235.44,229.065,229.86,221.8,15666
2021-12-13,229.4,230.74,227.715,229.97,221.9,12850
2021-12-14,226.96,227.93,224.83,226.94,218.98,22941
2021-12-15,226.615,229.37,225.08,229.31,221.26,24407
2021-12-16,230.33,232.85,229.52,230.95,222.85,37817
2021-12-17,230.475,235.69,230.475,232.52,224.36,29332
2021-12-20,229.87,229.87,222.62,226.89,218.93,19763
2021-12-21,229.775,231.3,228.53,231.29,223.18,15139
2021-12-22,231.645,235.13,231.645,234.99,226.75,14797
2021-12-23,236.2,242.3,236.0,241.08,232.62,36347
2021-12-27,242.665,245.12,241.38,245.12,236.52,19746
2021-12-28,244.74,245.105,243.45,243.805,235.25,10412
2021-12-29,244.02,244.49,241.54,242.1,233.61,18800
2021-12-30,242.06,245.79,241.81,245.41,236.8,20583
2021-12-31,244.0,244.95,243.05,243.37,234.83,11742
2022-01-03,243.375,243.76,239.71,242.57,234.06,32811
2022-01-04,243.0,248.23,242.93,244.93,236.34,39316
2022-01-05,245.405,245.405,238.87,239.02,230.63,22938
2022-01-06,239.235,241.13,236.1,238.405,230.04,22816
2022-01-07,237.85,237.855,232.97,234.74,226.5,34469
2022-01-10,233.6,233.6,227.55,231.53,223.41,51423
2022-01-11,231.71,234.9,228.89,234.69,226.46,37930
2022-01-12,236.64,243.27,235.605,241.69,233.21,62855
2022-01-13,240.39,240.86,234.66,234.88,226.64,28870
2022-01-14,233.38,235.935,232.515,234.39,226.17,22052
2022-01-18,229.54,231.94,228.11,230.31,222.23,25745
2022-01-19,231.085,235.81,231.085,231.83,223.7,23662
2022-01-20,233.34,237.85,226.615,226.78,218.82,65009
2022-01-21,227.38,229.84,224.62,227.88,219.89,30078
2022-01-24,224.87,224.87,219.645,220.7,212.96,6182
2022-01-25,220.03,223.23,217.57,221.14,213.38,18642
2022-01-26,221.93,224.445,220.1,220.1,212.38,9993
2022-01-27,220.45,220.76,212.225,215.175,207.63,34649
2022-01-28,213.71,219.97,212.77,219.94,212.22,25148
2022-01-31,219.73,224.73,219.73,224.51,216.63,16846
2022-02-01,224.03,225.93,223.675,225.64,217.72,40582
2022-02-02,224.615,228.76,224.31,228.57,220.55,32220
2022-02-03,226.95,228.51,226.38,228.29,220.28,27557
2022-02-04,226.98,228.9,225.13,226.09,218.16,27605
2022-02-07,225.035,228.09,225.035,226.72,218.77,29125
2022-02-08,225.53,231.385,225.32,230.58,222.49,40384
2022-02-09,236.54,243.27,236.54,237.19,228.87,60322
2022-02-10,234.435,238.59,232.18,233.39,225.2,41284
2022-02-11,233.61,234.565,228.96,229.92,221.85,36125
2022-02-14,230.625,231.39,224.92,226.52,218.57,22546
2022-02-15,230.03,232.905,229.79,232.535,224.38,34717
2022-02-16,227.78,233.895,227.18,232.97,224.8,69468
2022-02-17,230.935,230.935,225.86,226.715,218.76,44721
2022-02-18,226.56,227.805,224.48,226.09,218.16,29449
2022-02-22,225.645,230.865,225.645,229.41,221.36,50893
2022-02-23,230.19,230.19,224.495,224.91,217.02,17742
2022-02-24,220.95,229.65,219.58,229.28,221.66,37875
2022-02-25,231.535,237.66,230.07,237.43,229.54,15413
2022-02-28,235.62,240.45,235.52,239.96,231.98,74843
2022-03-01,240.15,241.595,236.01,237.2,229.32,56256
2022-03-02,239.31,242.95,239.28,242.13,234.08,13747
2022-03-03,244.03,245.885,242.16,243.88,235.77,15583
2022-03-04,241.43,245.54,237.12,245.2,237.05,26947
2022-03-07,243.55,244.93,237.62,238.69,230.76,29608
2022-03-09,228.6,230.93,226.27,228.92,221.31,62275
2022-03-10,226.23,226.35,220.91,222.02,214.64,53502
2022-03-11,225.39,225.39,218.62,218.62,211.35,32301
2022-03-14,220.1,224.1,217.06,217.43,210.2,50582
2022-03-15,219.9,222.7,219.545,221.91,214.53,21965
2022-03-16,224.82,227.22,223.15,226.9,219.36,19067
2022-03-17,227.335,232.0,227.335,231.89,224.18,15861
2022-03-18,231.15,235.01,230.53,234.73,226.93,20059
2022-03-21,234.62,236.21,232.055,233.93,226.16,23187
2022-03-22,233.1,236.59,233.1,235.28,227.46,16334
2022-03-23,232.04,232.39,229.935,229.965,222.32,25599
2022-03-24,230.74,232.32,230.67,232.32,224.6,10005
2022-03-25,233.64,238.28,233.64,238.23,230.31,21228
2022-03-28,239.97,243.67,238.86,243.47,235.38,19672
2022-03-29,245.135,247.19,243.47,247.18,238.96,28217
2022-03-30,247.39,247.99,244.71,245.875,237.7,14457
2022-03-31,244.88,246.865,241.63,241.63,233.6,28898
2022-04-01,241.295,248.98,241.295,248.08,239.83,31975
2022-04-04,247.305,247.835,241.82,246.55,238.36,28604
2022-04-05,248.62,249.445,244.625,245.52,237.36,20147
2022-04-06,245.13,249.5,244.955,248.96,240.69,24592
2022-04-07,248.11,250.275,247.35,248.23,239.98,33839
2022-04-08,248.11,250.76,246.06,248.99,240.71,37128
2022-04-11,248.08,248.61,244.63,247.07,238.86,24688
2022-04-12,246.78,251.67,245.93,246.44,238.25,25128
2022-04-13,246.745,250.555,245.88,249.16,240.88,20475
2022-04-14,251.1,251.1,244.19,244.58,236.45,34557
2022-04-18,244.795,244.795,241.04,241.9,233.86,38571
2022-04-19,244.74,248.09,244.74,247.305,239.09,15222
2022-04-20,249.48,255.73,249.48,252.83,244.43,16642
2022-04-21,255.04,255.04,247.66,247.91,239.67,49925
2022-04-22,242.83,242.98,233.17,233.5,225.74,35124
2022-04-25,231.695,238.64,229.33,238.14,230.23,29076
2022-04-26,236.37,236.535,233.655,233.655,225.89,15588
2022-04-27,234.14,235.81,230.83,231.3,223.61,16867
2022-04-28,231.725,232.52,229.99,231.72,224.02,20692
2022-04-29,229.51,230.095,223.49,223.87,216.43,74138
2022-05-02,224.06,225.55,219.96,224.06,216.61,33633
2022-05-03,226.03,227.34,224.14,226.16,218.64,44837
2022-05-04,225.325,233.37,224.41,232.43,224.7,18453
2022-05-05,228.55,231.41,225.435,226.71,219.18,24012
2022-05-06,224.23,225.59,221.52,224.73,217.26,30955
2022-05-09,220.63,222.0,212.43,213.22,206.13,52629
2022-05-10,215.78,216.55,210.42,215.38,208.22,45106
2022-05-11,215.355,219.03,211.9,212.345,205.29,38319
2022-05-12,213.96,222.795,210.14,218.23,210.98,57430
2022-05-13,221.8,222.2,215.57,215.81,208.64,60815
2022-05-16,215.0,218.13,214.975,217.77,210.53,35079
2022-05-17,220.92,221.625,218.1,221.47,214.11,31147
2022-05-18,219.03,220.44,218.595,218.96,211.68,28786
2022-05-19,218.13,223.91,218.13,223.36,215.94,46100
2022-05-20,224.26,226.66,221.145,225.9,218.39,37868
2022-05-23,227.22,229.14,223.7,227.51,219.95,27583
2022-05-24,227.995,228.685,224.47,228.5,220.91,29673
2022-05-25,227.405,230.11,227.235,228.39,220.8,29664
2022-05-26,229.7,230.83,228.93,230.55,222.89,13912
2022-05-27,231.64,235.83,231.64,235.08,227.27,21819
2022-05-31,234.26,234.26,228.04,228.16,220.58,53158
2022-06-01,228.65,229.06,218.79,221.4,214.04,41909
2022-06-02,220.79,227.45,217.98,227.4,219.84,20178
2022-06-03,225.555,225.8,219.9,220.35,213.03,15472
2022-06-06,221.85,223.735,221.38,221.86,214.49,20110
2022-06-07,222.43,227.16,221.32,227.16,219.61,37405
2022-06-08,226.75,229.78,226.165,227.79,220.22,48086
2022-06-09,225.83,226.46,221.53,221.55,214.19,34987
2022-06-10,219.19,223.99,216.78,220.9,213.56,28718
2022-06-13,215.92,215.92,210.49,211.23,204.61,34013
2022-06-14,210.665,210.665,201.2,203.47,197.09,46987
2022-06-15,205.59,205.89,197.83,202.32,195.98,59782
2022-06-16,197.27,198.05,193.265,195.02,188.91,43870
2022-06-17,196.005,198.04,192.435,192.74,186.7,41177
2022-06-21,193.61,197.52,193.26,195.175,189.06,27307
2022-06-22,194.5,201.75,194.5,200.93,194.63,25635
2022-06-23,203.33,204.11,200.42,202.45,196.1,35180
2022-06-24,203.36,207.95,203.36,207.91,201.39,26437
2022-06-27,207.23,209.37,206.69,207.69,201.18,28686
2022-06-28,208.91,209.14,204.0,204.55,198.14,27477
2022-06-29,205.08,208.57,204.68,208.34,201.81,28703
2022-06-30,204.855,208.8,204.5,206.05,199.59,30647
2022-07-01,206.81,211.835,205.315,210.82,204.21,41838
2022-07-05,207.68,208.94,203.63,208.79,202.24,37314
2022-07-06,208.39,211.475,207.42,210.43,203.83,52094
2022-07-07,210.11,211.465,207.035,207.19,200.69,46767
2022-07-08,207.38,210.1,207.38,209.35,202.79,28818
2022-07-11,208.94,210.25,207.91,209.09,202.53,19274
2022-07-12,211.06,211.06,206.75,208.05,201.53,26319
2022-07-13,205.74,207.42,205.075,205.41,198.97,18354
2022-07-14,205.9,207.1,203.18,206.83,200.35,20575
2022-07-15,209.3,210.51,208.19,209.09,202.53,15537
2022-07-18,209.42,210.81,207.4,208.01,201.49,23811
2022-07-19,210.515,213.205,210.445,212.77,206.1,30149
2022-07-20,213.285,215.12,212.09,213.41,206.72,11288
2022-07-21,213.43,219.76,213.43,219.7,212.81,24692
2022-07-22,221.97,223.05,216.77,217.61,210.79,9969
2022-07-25,217.27,218.32,216.78,218.195,211.35,16577
2022-07-26,216.88,219.835,216.42,219.49,212.61,26023
2022-07-27,221.21,222.695,219.53,221.375,214.43,17783
2022-07-28,222.375,226.04,221.07,225.04,217.98,22184
2022-07-29,225.29,227.0,224.42,225.74,218.66,28346
2022-08-01,223.12,223.66,221.53,222.46,215.49,29635
2022-08-02,221.885,227.34,221.57,224.46,217.42,36482
2022-08-03,217.395,218.065,200.9,202.54,196.19,79632
2022-08-04,200.55,208.36,200.55,207.88,201.36,67560
2022-08-05,206.32,212.03,206.315,211.94,205.3,50259
2022-08-08,211.51,213.92,211.51,213.4,206.71,31846
2022-08-09,214.67,214.67,208.43,209.09,202.53,36201
2022-08-10,212.29,212.485,209.63,210.16,203.57,26109
2022-08-11,212.15,213.84,210.12,210.22,203.63,11749
2022-08-12,211.44,214.07,210.16,213.76,207.06,20865
2022-08-15,213.37,214.59,212.15,213.97,207.26,4699
2022-08-16,211.86,213.115,210.96,212.6,205.93,10036
2022-08-17,211.56,212.03,210.32,211.64,205.0,9963
2022-08-18,211.78,213.145,211.11,212.84,206.17,13961
2022-08-19,210.65,211.55,209.64,209.89,203.31,17985
2022-08-22,208.12,208.42,204.59,205.48,199.04,13436
2022-08-23,203.87,204.02,201.485,202.78,196.42,8555
2022-08-24,203.11,206.06,202.94,205.62,199.17,17410
2022-08-25,206.3,210.23,206.12,210.095,203.51,21332
2022-08-26,208.98,208.98,200.965,201.0,194.7,13104
2022-08-29,197.77,200.12,196.23,198.69,192.46,21312
2022-08-30,198.89,199.07,196.87,198.56,192.34,15355
2022-08-31,201.145,203.14,200.55,201.48,195.16,47181
2022-09-01,200.165,200.95,198.58,200.23,193.95,39249
2022-09-02,201.295,203.6,197.855,199.12,192.88,17629
2022-09-06,199.225,200.02,196.38,197.25,191.52,21664
2022-09-07,197.51,204.13,197.51,203.92,197.99,28903
2022-09-08,202.13,205.6,202.13,204.99,199.03,73553
2022-09-09,205.43,210.985,205.43,210.295,204.18,75293
2022-09-12,211.21,213.59,210.26,211.995,205.83,46684
2022-09-13,210.12,210.52,205.14,205.15,199.19,34553
2022-09-14,204.57,205.54,202.37,203.67,197.75,35085
2022-09-15,203.85,204.925,199.15,199.43,193.63,30063
2022-09-16,196.08,196.33,193.72,193.72,188.09,45141
2022-09-19,192.215,192.91,188.0,190.17,184.64,47437
2022-09-20,186.55,186.55,181.43,182.99,177.67,55613
2022-09-21,182.0,184.05,177.61,177.61,172.45,44101
2022-09-22,176.23,177.99,175.725,176.865,171.73,73329
2022-09-23,171.96,172.64,162.83,167.0,162.15,145040
2022-09-26,166.57,167.42,161.36,164.05,159.28,78159
2022-09-27,164.91,165.17,160.16,160.63,155.96,71813
2022-09-28,162.14,163.97,160.56,162.67,157.94,41506
2022-09-29,161.965,167.48,161.16,167.0,162.15,104306
2022-09-30,165.73,170.48,165.49,166.565,161.72,101185
2022-10-03,168.16,172.255,168.07,170.05,165.11,29483
2022-10-04,172.045,175.945,172.045,175.84,170.73,32974
2022-10-05,174.74,175.2,170.09,172.78,167.76,51936
2022-10-06,173.05,173.75,171.62,172.78,167.76,51260
2022-10-07,171.84,172.24,169.57,170.27,165.32,49944
2022-10-10,169.835,170.215,167.02,168.54,163.64,40968
2022-10-11,168.535,170.075,166.62,168.65,163.75,45657
2022-10-12,168.445,168.445,162.2,162.27,157.55,41718
2022-10-13,159.6,170.9,159.6,169.8,164.87,45260
2022-10-14,170.41,170.41,164.27,165.78,160.96,42006
2022-10-17,167.12,170.88,167.12,170.03,165.09,29437
2022-10-18,174.055,174.055,170.21,170.72,165.76,23005
2022-10-19,169.405,169.465,165.75,167.16,162.3,23391
2022-10-20,166.47,168.285,165.07,165.7,160.88,29542
2022-10-21,163.455,167.65,163.455,167.21,162.35,17660
2022-10-24,168.15,169.84,168.15,169.84,164.9,15593
2022-10-25,171.0,172.27,170.52,171.88,166.89,16404
2022-10-26,173.21,175.17,172.51,172.76,167.74,24221
2022-10-27,173.39,173.72,169.96,171.39,166.41,27565
2022-10-28,171.385,174.255,171.25,172.86,167.84,24387
2022-10-31,172.57,174.39,170.84,172.65,167.63,39085
2022-11-01,174.155,175.765,171.42,172.79,167.77,37660
2022-11-02,171.27,173.37,165.905,165.905,161.08,37023
2022-11-03,163.615,164.71,161.77,161.87,157.17,37781
2022-11-04,164.575,164.615,161.3,162.97,158.23,32508
2022-11-07,163.34,164.415,160.78,163.53,158.78,29592
2022-11-08,163.14,165.7,161.19,163.52,158.77,39130
2022-11-09,163.205,164.665,160.25,161.0,156.32,39380
2022-11-10,169.46,169.68,162.17,169.24,164.32,64447
2022-11-11,169.68,172.815,169.245,172.64,167.62,74135
2022-11-14,172.92,172.92,166.92,167.73,162.86,52274
2022-11-15,169.515,170.53,167.25,167.61,162.74,34095
2022-11-16,167.725,168.1,165.025,166.3,161.47,65322
2022-11-17,165.965,168.33,164.155,166.06,161.23,43214
2022-11-18,169.2,169.2,165.52,165.99,161.17,28098
2022-11-21,167.38,180.0,167.38,177.08,172.42,85718
2022-11-22,176.78,178.2,174.36,177.85,173.17,47770
2022-11-23,178.02,180.795,177.68,180.21,175.47,28964
2022-11-25,180.7,180.945,179.93,180.53,175.78,10511
2022-11-28,179.68,180.83,177.78,178.34,173.65,37377
2022-11-29,178.25,179.66,178.25,178.44,173.75,39922
2022-11-30,178.27,185.74,178.27,185.74,180.85,42391
2022-12-01,186.82,193.18,186.82,192.33,187.27,88605
2022-12-02,191.9,193.185,189.935,191.97,186.92,47085
2022-12-05,190.2,190.2,184.715,185.62,180.74,58531
2022-12-06,184.72,185.31,182.4,183.59,178.76,33950
2022-12-07,183.2,185.745,183.2,185.45,180.57,71750
2022-12-08,185.89,190.62,185.475,190.34,185.33,82715
2022-12-09,189.375,192.43,189.37,191.87,186.82,120014
2022-12-12,192.6,197.01,192.14,194.75,189.63,124445
2022-12-13,198.47,200.57,195.65,199.12,193.88,55981
2022-12-14,197.89,199.24,193.25,193.82,188.72,53906
2022-12-15,191.07,191.485,187.19,187.8,182.86,40565
2022-12-16,187.43,187.49,182.27,183.08,178.26,37883
2022-12-19,182.6,184.25,179.96,180.535,175.79,30084
2022-12-20,180.215,182.11,178.45,180.135,175.4,25883
2022-12-21,180.88,183.18,180.88,181.5,176.73,25728
2022-12-22,180.02,181.84,176.88,181.84,177.06,39580
2022-12-23,181.57,182.58,180.32,182.06,177.27,22882
2022-12-27,181.085,184.25,180.515,182.935,178.12,21229
2022-12-28,183.73,186.135,182.19,182.3,177.51,36497
2022-12-29,183.63,188.48,182.775,186.2,181.3,21092
2022-12-30,185.51,185.54,182.89,184.435,179.58,22789
2023-01-03,187.6,188.795,184.28,185.58,180.7,21348
2023-01-04,188.16,191.15,187.325,191.15,186.12,36454
2023-01-05,190.06,190.51,186.58,187.17,182.25,15363
2023-01-06,188.44,192.0,186.775,191.73,186.69,19118
2023-01-09,191.06,193.41,190.94,190.95,185.93,20311
2023-01-10,195.95,203.98,195.95,201.41,196.11,52547
2023-01-11,201.97,203.825,198.68,200.71,195.43,47883
2023-01-12,199.91,201.36,197.22,200.17,194.91,38003
2023-01-13,199.45,202.49,199.45,201.99,196.68,30268
2023-01-17,201.91,201.91,198.52,199.67,194.42,47325
2023-01-18,199.805,199.805,194.765,195.21,190.08,23114
2023-01-19,194.83,199.2,194.595,198.98,193.75,39101
2023-01-20,200.35,205.38,199.97,205.18,199.78,41806
2023-01-23,204.805,208.68,204.6,206.92,201.48,39871
2023-01-24,204.82,206.76,204.475,204.885,199.5,27289
2023-01-25,204.45,205.985,202.35,204.94,199.55,42886
2023-01-26,204.77,205.34,203.34,204.98,199.59,31739
2023-01-27,204.23,206.115,203.98,206.0,200.58,18679
2023-01-30,204.575,205.62,203.25,203.31,197.96,37229
2023-01-31,203.78,206.56,202.645,206.46,201.03,28218
2023-02-01,206.525,215.575,206.525,214.43,208.79,46579
2023-02-02,214.49,221.885,214.49,220.92,215.11,52943
2023-02-03,219.925,220.06,216.6,219.01,213.25,41687
2023-02-06,217.64,217.66,214.02,214.87,209.22,39755
2023-02-07,213.43,218.1,211.71,217.1,211.39,41418
2023-02-08,216.32,217.54,214.67,215.74,210.07,42152
2023-02-09,201.5,202.505,189.795,192.54,187.48,154144
2023-02-10,190.52,194.2,189.965,192.8,187.73,50615
2023-02-13,193.42,197.275,192.72,196.4,191.23,55110
2023-02-14,195.975,198.67,193.62,194.75,189.63,37802
2023-02-15,193.99,198.29,193.655,198.29,193.07,29990
2023-02-16,195.705,196.14,191.65,191.65,186.61,50835
2023-02-17,190.62,190.62,188.34,189.72,184.73,64596
2023-02-21,186.905,186.905,184.79,184.99,180.12,41827
2023-02-22,185.72,186.73,184.38,185.27,180.4,51379
2023-02-23,184.14,188.41,184.14,187.925,183.45,38984
2023-02-24,185.255,186.94,184.695,186.02,181.59,21361
2023-02-27,186.77,189.16,186.46,188.33,183.84,34617
2023-02-28,187.635,189.545,187.41,188.005,183.53,38111
2023-03-01,187.75,188.93,186.03,188.63,184.14,61373
2023-03-02,187.76,189.1,186.1,188.4,183.91,50734
2023-03-03,190.48,190.64,189.22,190.04,185.51,39157
2023-03-06,189.41,189.7,185.42,186.11,181.68,40260
2023-03-07,186.83,186.83,181.19,181.71,177.38,23631
2023-03-08,181.05,182.04,180.245,180.285,175.99,38538
2023-03-09,180.55,184.885,180.55,182.42,178.07,66828
2023-03-10,181.83,181.83,176.8,177.46,173.23,98208
2023-03-13,175.625,182.94,175.625,178.465,174.21,61103
2023-03-14,181.335,181.335,176.0,178.46,174.21,61212
2023-03-15,175.07,176.21,173.32,175.985,171.79,36717
2023-03-16,174.935,179.57,174.8,178.79,174.53,41719
2023-03-17,177.67,178.5,176.19,176.46,172.26,60864
2023-03-20,177.18,181.54,176.57,181.07,176.76,34520
2023-03-21,182.785,184.69,182.52,184.43,180.04,48269
2023-03-22,184.18,185.69,181.23,181.49,177.17,39738
2023-03-23,182.6,184.54,181.36,181.57,177.24,34643
2023-03-24,180.945,185.13,180.945,185.08,180.67,15503
2023-03-27,188.36,188.55,186.16,186.16,181.72,29097
2023-03-28,186.47,187.225,184.92,185.29,180.88,25148
2023-03-29,186.295,187.59,186.255,187.33,182.87,14357
2023-03-30,189.255,189.91,187.525,188.7,184.2,24476
2023-03-31,190.955,191.345,189.93,191.26,186.7,22389
2023-04-03,189.54,190.68,189.05,190.43,185.89,42184
2023-04-04,190.71,192.6,190.21,191.16,186.61,26956
2023-04-05,190.54,193.475,190.39,192.22,187.64,21847
2023-04-06,192.18,193.27,191.18,193.06,188.46,16500
2023-04-10,191.98,192.29,190.28,192.22,187.64,28090
2023-04-11,194.305,195.66,193.85,195.37,190.72,17621
2023-04-12,196.11,196.385,192.99,193.36,188.75,36495
2023-04-13,194.03,195.39,194.03,195.09,190.44,19473
2023-04-14,188.75,189.69,184.89,186.41,181.97,55855
2023-04-17,186.645,188.18,186.44,188.06,183.58,23203
2023-04-18,187.37,187.37,182.86,183.77,179.39,24031
2023-04-19,183.655,186.63,183.5,186.6,182.15,36106
2023-04-20,184.39,186.025,184.39,185.52,181.1,22689
2023-04-21,186.895,188.16,185.88,187.22,182.76,21171
2023-04-24,188.74,188.74,186.45,187.5,183.03,16117
2023-04-25,185.96,185.96,181.95,181.95,177.61,18614
2023-04-26,181.28,183.6,180.625,182.875,178.52,15813
2023-04-27,183.295,185.91,181.89,185.9,181.47,13410
2023-04-28,187.92,189.545,187.775,188.56,184.07,13552
2023-05-01,188.49,192.39,188.49,192.185,187.61,32316
2023-05-02,191.005,191.52,188.225,190.38,185.84,20681
2023-05-03,191.505,191.505,187.26,187.81,183.34,33255
2023-05-04,187.75,189.52,186.86,188.88,184.38,26859
2023-05-05,190.395,190.56,186.3,188.78,184.28,32933
2023-05-08,186.965,189.42,185.59,189.0,184.5,21374
2023-05-09,186.835,187.57,185.5,187.05,182.59,33809
2023-05-10,188.62,190.01,187.065,189.33,184.82,33388
2023-05-11,198.785,210.9,198.785,207.995,203.04,96228
2023-05-12,206.9,211.23,206.22,210.96,205.93,57759
2023-05-15,210.27,212.67,210.085,210.73,205.71,29151
2023-05-16,209.22,209.22,206.875,207.96,203.01,17820
2023-05-17,207.58,208.065,204.63,205.68,200.78,41025
2023-05-18,205.18,207.22,204.69,206.85,201.92,37664
2023-05-19,205.98,207.02,204.7,205.73,200.83,24793
2023-05-22,206.205,208.22,206.05,206.87,201.94,21566
2023-05-23,205.625,206.97,201.83,201.845,197.04,27467
2023-05-24,199.99,202.1,198.81,200.96,196.17,16096
2023-05-25,199.41,201.435,196.64,201.235,196.44,27353
2023-05-26,200.69,202.64,199.095,200.64,195.86,17276
2023-05-30,200.26,201.1,199.08,199.67,194.91,12956
2023-05-31,198.905,200.595,196.64,199.98,195.22,29144
2023-06-01,200.46,203.76,199.19,202.38,197.56,21222
2023-06-02,203.31,206.47,202.83,205.51,200.61,29521
2023-06-05,205.485,207.15,204.2,206.2,201.29,23984
2023-06-06,207.14,208.255,205.94,207.42,202.48,22421
2023-06-07,206.96,208.04,205.34,207.78,202.83,13810
2023-06-08,207.535,207.535,205.39,206.08,201.17,17449
2023-06-09,205.63,207.42,205.5,207.22,202.28,15395
2023-06-12,206.75,207.78,205.15,207.51,202.57,13211
2023-06-13,208.1,208.39,205.9,207.29,202.69,13000
2023-06-14,210.94,215.65,209.92,213.155,208.43,36087
2023-06-15,212.42,214.65,212.04,213.42,208.69,15570
2023-06-16,214.215,215.915,212.89,213.545,208.81,26833
2023-06-20,212.935,213.58,210.26,213.58,208.85,19168
2023-06-21,212.96,213.23,211.895,212.13,207.43,9112
2023-06-22,211.43,212.75,211.235,212.22,207.52,15035
2023-06-23,210.48,211.38,210.08,210.88,206.21,14913
2023-06-26,210.3,212.84,209.53,212.04,207.34,20495
2023-06-27,211.235,217.17,211.235,216.825,212.02,23818
2023-06-28,217.38,218.42,216.215,216.77,211.96,36900
2023-06-29,216.61,221.89,216.61,220.97,216.07,55346
2023-06-30,222.025,226.03,222.025,225.29,220.3,38150
2023-07-03,222.22,222.22,218.13,219.57,214.7,26993
2023-07-05,217.395,219.3,217.1,219.07,214.21,14010
2023-07-06,216.555,219.12,214.68,218.63,213.78,58116
2023-07-07,220.04,220.04,217.81,217.81,212.98,9434
2023-07-10,220.95,223.09,220.825,223.03,218.09,27254
2023-07-11,222.93,225.11,222.73,224.0,219.03,29445
2023-07-12,225.345,227.01,223.53,226.58,221.56,33809
2023-07-13,226.635,228.95,226.47,228.85,223.78,20540
2023-07-14,228.51,229.86,227.705,228.76,223.69,17491
2023-07-17,228.78,229.68,227.06,228.375,223.31,41977
2023-07-18,226.135,228.35,225.375,227.09,222.06,26741
2023-07-19,226.34,228.56,225.8,227.47,222.43,19406
2023-07-20,227.545,230.86,226.55,230.21,225.11,17114
2023-07-21,230.39,233.34,230.2,232.12,226.97,21859
2023-07-24,232.555,234.03,231.8,232.09,226.94,27461
2023-07-25,229.96,233.13,229.43,233.13,227.96,25667
2023-07-26,232.315,233.145,229.64,231.82,226.68,26854
2023-07-27,233.01,233.61,229.645,229.66,224.57,25222
2023-07-28,230.715,232.04,229.905,230.09,224.99,19280
2023-07-31,226.955,228.445,224.81,225.45,220.45,32213
2023-08-01,224.17,225.33,223.58,223.955,218.99,25522
2023-08-02,235.92,235.92,226.665,227.98,222.93,36626
2023-08-03,224.91,226.945,222.69,225.49,220.49,36627
2023-08-04,225.345,227.76,222.875,225.99,220.98,17191
2023-08-07,225.49,227.565,225.49,226.24,221.22,14806
2023-08-08,224.505,225.65,222.35,225.27,220.28,13827
2023-08-09,224.56,227.97,224.56,227.11,222.08,10350
2023-08-10,226.25,229.18,226.25,227.35,222.31,13947
2023-08-11,226.085,228.15,226.085,227.78,222.73,7347
2023-08-14,228.38,229.255,227.03,229.07,223.99,8989
2023-08-15,229.185,230.41,228.41,229.435,224.35,19508
2023-08-16,228.985,229.52,227.29,227.29,222.25,13740
2023-08-17,227.53,227.89,223.98,224.04,219.07,11312
2023-08-18,223.965,225.71,223.735,223.9,218.94,19222
2023-08-21,223.66,223.89,220.82,222.73,217.79,11306
2023-08-22,222.76,224.49,221.91,223.39,218.44,9888
2023-08-23,223.78,225.06,223.22,224.88,219.89,5832
2023-08-24,224.765,227.73,223.86,224.535,219.56,6214
2023-08-25,225.81,226.84,224.99,226.43,221.41,7929
2023-08-28,227.625,229.53,227.555,227.79,222.74,4888
2023-08-29,227.67,231.36,227.67,231.16,226.04,9324
2023-08-30,231.81,232.55,231.2,231.94,226.8,7088
2023-08-31,231.79,231.93,229.61,229.61,224.52,5540
2023-09-01,230.665,232.45,230.665,230.825,225.71,22566
2023-09-05,229.665,229.665,223.76,223.89,219.3,16989
2023-09-06,222.45,224.53,220.175,223.765,219.17,18113
2023-09-07,223.725,225.34,223.195,224.42,219.82,16498
2023-09-08,223.39,224.3,221.92,222.63,218.06,13560
2023-09-11,224.225,231.48,224.225,228.69,224.0,20284
2023-09-12,227.765,227.83,225.995,226.44,221.79,11378
2023-09-13,226.92,231.28,226.92,230.39,225.66,15800
2023-09-14,229.735,230.4,229.08,229.815,225.1,11419
2023-09-15,229.835,231.55,228.53,229.75,225.04,17616
2023-09-18,229.68,230.045,227.67,228.16,223.48,14131
2023-09-19,227.32,227.84,225.9,226.86,222.21,16831
2023-09-20,228.8,228.8,225.03,225.31,220.69,13311
2023-09-21,223.635,223.635,220.1,220.63,216.1,26491
2023-09-22,220.92,225.955,220.685,224.02,219.42,24098
2023-09-25,223.18,225.785,222.42,225.695,221.07,36675
2023-09-26,225.285,226.05,223.03,223.205,218.63,20243
2023-09-27,223.33,223.5,216.455,217.78,213.31,27091
2023-09-28,218.93,222.78,218.93,222.165,217.61,21263
2023-09-29,221.85,222.47,219.16,219.53,215.03,12315
2023-10-02,217.19,218.05,214.19,215.5,211.08,26906
2023-10-03,214.81,218.97,214.04,218.23,213.75,28872
2023-10-04,219.075,223.285,216.52,222.6,218.03,36831
2023-10-05,221.685,223.4,218.48,222.42,217.86,43607
2023-10-06,220.405,225.61,220.405,224.195,219.6,15538
2023-10-09,223.015,225.955,222.39,225.85,221.22,15296
2023-10-10,225.68,228.71,225.07,227.495,222.83,14965
2023-10-11,225.4,225.4,220.38,225.03,220.41,22031
2023-10-12,225.025,226.305,219.67,219.715,215.21,23021
2023-10-13,218.99,222.48,218.52,222.22,217.66,21789
2023-10-16,224.005,226.57,223.47,223.99,219.4,16226
2023-10-17,222.2,226.005,222.2,222.97,218.4,23327
2023-10-18,221.65,223.75,221.51,222.07,217.51,13172
2023-10-19,221.43,221.68,216.64,217.07,212.62,20706
2023-10-20,216.99,218.86,216.08,217.12,212.67,18795
2023-10-23,216.32,217.36,213.72,214.82,210.41,10723
2023-10-24,215.99,217.34,215.185,217.325,212.87,15552
2023-10-25,214.69,215.85,213.125,213.125,208.75,7809
2023-10-26,212.31,212.67,209.29,209.445,205.15,29585
2023-10-27,210.95,211.44,207.67,209.175,204.88,10514
2023-10-30,209.48,209.79,206.79,209.24,204.95,13758
2023-10-31,209.93,211.33,209.02,209.98,205.67,29499
2023-11-01,210.515,213.05,209.215,212.905,208.54,45609
2023-11-02,213.77,215.82,212.57,212.98,208.61,13287
2023-11-03,216.55,217.87,214.57,217.23,212.77,11237
2023-11-06,216.915,217.555,215.835,217.215,212.76,14709
2023-11-07,217.535,218.755,216.75,218.43,213.95,23238
2023-11-08,210.7,211.09,199.72,206.43,202.2,55392
2023-11-09,205.16,205.29,199.95,200.665,196.55,40394
2023-11-10,201.67,203.18,199.0,199.15,195.06,21593
2023-11-13,199.975,203.65,199.0,202.21,198.06,28182
2023-11-14,204.1,208.83,204.1,205.54,201.32,33619
2023-11-15,204.74,206.64,203.07,203.57,199.39,63322
2023-11-16,204.85,205.635,203.075,203.2,199.03,33401
2023-11-17,203.62,203.62,198.095,200.17,196.06,34079
2023-11-20,199.0,200.37,198.27,199.78,196.06,27521
2023-11-21,200.96,202.65,200.74,201.21,197.47,42741
2023-11-22,201.725,203.33,200.865,202.63,198.86,20585
2023-11-24,202.63,203.81,202.6,203.21,199.43,11710
2023-11-27,202.38,202.58,200.69,201.345,197.6,19906
2023-11-28,201.46,201.46,197.865,197.865,194.18,26705
2023-11-29,198.65,199.17,196.89,197.415,193.74,25504
2023-11-30,196.1,201.075,195.47,201.06,197.32,34902
2023-12-01,199.85,204.31,199.13,203.48,199.69,22659
2023-12-04,202.49,202.49,198.4,199.24,195.53,18523
2023-12-05,197.69,199.32,195.52,198.55,194.86,47499
2023-12-06,198.24,200.63,198.24,199.06,195.36,21006
2023-12-07,199.84,201.96,199.615,201.945,198.19,27057
2023-12-08,201.585,201.6,198.1,200.48,196.75,36968
2023-12-11,200.835,201.7,200.02,201.7,197.95,20072
2023-12-12,200.88,202.77,200.88,201.57,197.82,42462
2023-12-13,201.74,207.04,200.925,206.9,203.05,18305
2023-12-14,209.955,211.21,208.145,210.39,206.48,34137
2023-12-15,210.49,212.79,208.28,212.71,208.75,44199
2023-12-18,212.97,215.54,212.57,215.54,211.53,63654
2023-12-19,216.215,219.03,216.215,219.03,214.96,35905
2023-12-20,217.62,219.16,215.04,215.08,211.08,26087
2023-12-21,217.455,219.46,217.37,218.56,214.49,22822
2023-12-22,219.82,220.89,219.285,219.745,215.66,13450
2023-12-26,219.275,222.205,218.87,221.37,217.25,29433
2023-12-27,222.17,223.12,221.52,223.12,218.97,11147
2023-12-28,224.72,224.72,221.41,221.62,217.5,21421
2023-12-29,221.485,221.87,219.415,219.98,215.89,15798
2024-01-02,219.92,220.355,216.47,217.12,213.08,22905
2024-01-03,216.87,216.87,213.285,213.605,209.63,44489
2024-01-04,212.97,217.155,212.97,216.0,211.98,26236
2024-01-05,215.325,217.26,214.51,215.995,211.98,24147
2024-01-08,216.305,220.91,215.31,220.91,216.8,30407
2024-01-09,220.695,224.495,220.695,222.05,217.92,42739
2024-01-10,221.95,224.635,221.82,223.94,219.77,19659
2024-01-11,223.225,223.795,221.305,222.69,218.55,19466
2024-01-12,224.005,224.78,222.555,223.4,219.24,11901
2024-01-16,221.16,222.37,220.5,221.36,217.24,19952
2024-01-17,221.235,221.515,218.76,218.9,214.83,27402
2024-01-18,220.145,220.63,217.405,220.63,216.53,28637
2024-01-19,219.275,221.49,217.23,221.24,217.12,38615
2024-01-22,222.515,223.09,219.81,219.88,215.79,23739
2024-01-23,218.52,218.52,215.38,216.82,212.79,23467
2024-01-24,216.65,216.85,214.77,214.77,210.77,19125
2024-01-25,217.54,217.54,214.03,216.76,212.73,11360
2024-01-26,217.825,217.825,215.165,216.055,212.04,18140
2024-01-29,215.985,216.9,214.81,216.66,212.63,18697
2024-01-30,215.88,218.395,215.81,218.17,214.11,19736
2024-01-31,222.44,224.21,218.475,218.94,214.87,48358
2024-02-01,218.055,223.61,217.44,223.55,219.39,27145
2024-02-02,222.24,224.285,220.65,222.24,218.11,19488
2024-02-05,220.775,221.63,218.88,219.88,215.79,20680
2024-02-06,220.33,226.06,219.665,225.725,221.53,33993
2024-02-07,226.18,228.74,225.4,226.34,222.13,62963
2024-02-08,210.865,220.9,210.865,220.31,216.21,39054
2024-02-09,221.005,224.47,219.59,224.28,220.11,23123
2024-02-12,225.23,225.51,223.97,225.07,220.88,14770
2024-02-13,224.8,225.155,222.27,224.55,220.37,30506
2024-02-14,224.75,227.545,224.085,227.545,223.31,15450
2024-02-15,230.26,233.215,228.29,233.215,228.88,19772
2024-02-16,231.87,235.115,231.14,231.49,227.18,23000
2024-02-20,229.33,231.56,228.77,229.29,225.02,21872
2024-02-21,228.695,233.37,228.695,232.85,228.52,18172
2024-02-22,232.32,236.25,232.32,235.92,231.92,20247
2024-02-23,236.365,237.47,235.15,236.01,232.01,15323
2024-02-26,235.05,235.39,232.95,233.89,229.92,11883
2024-02-27,232.99,233.26,231.485,232.44,228.5,19294
2024-02-28,230.745,232.66,230.34,231.265,227.34,15374
2024-02-29,230.51,233.455,229.59,233.165,229.21,41986
2024-03-01,232.93,234.72,232.17,232.765,228.82,25434
2024-03-04,232.015,233.91,232.015,233.2,229.25,16286
2024-03-05,233.87,234.14,227.91,228.405,224.53,19521
2024-03-06,228.81,230.485,228.35,229.04,225.16,21590
2024-03-07,231.425,233.445,230.51,233.01,229.06,18176
2024-03-08,234.4,234.4,233.005,233.63,229.67,23652
2024-03-11,233.96,234.33,231.67,233.79,229.83,14348
2024-03-12,233.145,234.83,232.885,233.905,229.94,16439
2024-03-13,233.64,233.87,232.985,233.65,229.69,26440
2024-03-14,231.89,232.93,230.6,231.485,227.56,18724
2024-03-15,229.59,231.705,229.37,229.68,225.79,17057
2024-03-18,230.87,231.685,230.0,230.0,226.1,15892
2024-03-19,230.495,230.915,229.24,230.075,226.17,9174
2024-03-20,230.94,233.275,230.185,233.265,229.31,21176
2024-03-21,233.005,233.06,227.235,227.245,223.39,23766
2024-03-22,226.33,229.195,226.33,229.0,225.12,22369
2024-03-25,228.02,228.66,220.33,220.54,216.8,29115
2024-03-26,221.325,222.735,219.78,221.57,217.81,19384
2024-03-27,224.33,225.7,223.21,225.45,221.63,28780
2024-03-28,226.065,226.46,223.82,224.68,220.87,19440
2024-04-01,223.725,223.725,218.855,221.05,217.3,16363
2024-04-02,219.175,220.055,215.79,216.135,212.47,17594
2024-04-03,216.645,218.13,215.875,216.66,212.99,18646
2024-04-04,217.07,217.45,213.09,213.26,209.64,24303
2024-04-05,214.97,214.98,213.0,213.52,209.9,30859
2024-04-08,213.705,215.045,212.6,212.6,209.0,20238
2024-04-09,213.46,214.85,212.485,214.67,211.03,30636
2024-04-10,211.67,212.295,208.24,209.16,205.61,30954
2024-04-11,210.43,210.87,206.21,206.24,202.74,59921
2024-04-12,204.715,205.32,203.52,203.95,200.49,39706
2024-04-15,207.22,207.855,200.97,201.405,197.99,40856
2024-04-16,200.79,200.79,198.775,198.995,195.62,58285
2024-04-17,198.825,201.445,198.42,200.175,196.78,39529
2024-04-18,200.105,201.67,199.05,200.84,197.43,29810
2024-04-19,200.44,200.72,197.97,199.42,196.04,27871
2024-04-22,198.75,201.9,198.75,200.91,197.5,19293
2024-04-23,201.0,207.93,201.0,206.0,202.51,32581
2024-04-24,204.93,205.05,202.525,202.61,199.17,20766
2024-04-25,201.07,202.19,200.6,201.535,198.12,16229
2024-04-26,201.385,204.565,201.295,203.93,200.47,11268
2024-04-29,204.42,206.025,204.09,205.26,201.78,20841
2024-04-30,203.5,205.15,203.5,204.675,201.2,17893
2024-05-01,204.795,207.165,203.83,205.255,201.77,11747
2024-05-02,207.135,207.135,204.0,206.155,202.66,21657
2024-05-03,207.245,208.55,206.54,207.895,204.37,16867
2024-05-06,208.985,209.45,207.695,209.4,205.85,17809
2024-05-07,209.725,213.485,209.5,213.025,209.41,34576
2024-05-08,213.115,213.38,209.2,210.01,206.45,58212
2024-05-09,223.25,226.13,216.32,226.0,222.17,74382
2024-05-10,223.96,231.68,223.68,231.57,227.64,40442
2024-05-13,232.09,233.07,230.435,232.7,228.75,32133
2024-05-14,233.295,236.1,233.01,235.955,231.95,22310
2024-05-15,236.76,238.91,232.17,235.83,231.83,38766
2024-05-16,234.59,234.59,230.55,230.77,226.86,39165
2024-05-17,229.46,233.255,229.23,232.72,228.77,28533
2024-05-20,231.805,233.265,230.03,232.8,228.85,23400
2024-05-21,232.07,233.56,230.5,230.59,226.68,45762
2024-05-22,229.355,231.275,229.355,230.53,226.62,18970
2024-05-23,229.6,230.6,226.055,226.905,223.06,19872
2024-05-24,226.56,229.21,225.825,229.21,225.32,18910
2024-05-28,228.78,228.955,223.35,223.39,219.6,26167
2024-05-29,221.79,224.385,221.79,223.415,219.63,37507
2024-05-30,222.9,223.58,222.01,223.295,219.51,25885
2024-05-31,223.565,224.51,221.475,222.96,219.18,21653
2024-06-03,222.025,228.705,221.785,228.345,224.47,28979
2024-06-04,227.495,228.885,226.99,228.66,224.78,19041
2024-06-05,227.54,230.2,227.54,229.95,226.05,9931
2024-06-06,229.53,230.445,227.535,230.425,226.52,10965
2024-06-07,228.16,229.98,226.575,226.93,223.08,12424
2024-06-10,225.57,226.185,224.14,224.92,221.11,25110
2024-06-11,223.62,227.155,222.985,225.39,221.57,22948
2024-06-12,226.26,227.745,225.15,226.0,222.55,15369
2024-06-13,223.03,223.865,220.1,221.115,217.74,19746
2024-06-14,219.925,220.365,216.83,217.225,213.91,92619
2024-06-17,216.515,218.2,213.745,216.16,212.86,107824
2024-06-18,217.71,218.19,216.04,216.28,212.98,20393
2024-06-20,215.48,220.29,214.9,219.31,215.97,41028
2024-06-21,219.76,220.37,216.93,217.92,214.6,23879
2024-06-24,218.865,219.34,216.505,216.81,213.5,24981
2024-06-25,216.105,216.385,215.03,215.4,212.11,11206
2024-06-26,215.31,217.11,214.365,216.08,212.78,17235
2024-06-27,215.705,216.67,214.71,216.41,213.11,21897
2024-06-28,217.13,219.74,216.99,219.56,216.21,41666
2024-07-01,221.5,221.5,217.76,218.65,215.32,27436
2024-07-02,217.675,219.26,217.4,218.575,215.24,19577
2024-07-03,218.11,218.35,217.31,217.34,214.03,12966
2024-07-05,216.135,220.7,215.4,220.01,216.65,22009
2024-07-08,219.975,220.76,219.265,219.55,216.2,19020
2024-07-09,219.68,219.68,212.96,213.58,210.32,42847
2024-07-10,213.245,215.665,211.42,215.345,212.06,27017
2024-07-11,215.75,219.775,215.75,217.87,214.55,45226
2024-07-12,217.205,222.715,217.205,221.93,218.55,14487
2024-07-15,220.84,223.545,220.27,220.58,217.22,16107
2024-07-16,221.25,227.44,219.735,227.42,223.95,25780
2024-07-17,227.155,232.81,227.155,228.785,225.3,21166
2024-07-18,226.785,229.675,223.85,225.27,221.83,18870
2024-07-19,225.35,226.245,223.515,224.22,220.8,15621
2024-07-22,225.78,228.8,223.97,228.8,225.31,13299
2024-07-23,229.075,231.74,229.075,231.74,228.21,16959
2024-07-24,230.6,233.385,230.435,231.8,228.26,16837
2024-07-25,231.29,235.97,227.47,227.56,224.09,15901
2024-07-26,228.935,234.4,228.935,232.855,229.3,16772
2024-07-29,232.68,236.875,230.415,236.435,232.83,21296
2024-07-30,237.79,239.365,237.285,237.29,233.67,30027
2024-07-31,234.62,241.76,233.39,238.95,235.31,34390
2024-08-01,241.15,242.0,237.55,241.015,237.34,16854
2024-08-02,242.855,242.855,235.575,242.42,238.72,29447
2024-08-05,237.895,240.32,235.31,237.67,234.05,52809
2024-08-06,238.05,243.09,238.05,239.365,235.71,49052
2024-08-07,236.22,243.37,227.285,233.53,229.97,43078
2024-08-08,234.44,240.84,234.44,239.77,236.11,18679
2024-08-09,237.035,238.22,234.44,235.91,232.31,35071
2024-08-12,235.52,235.845,233.31,233.935,230.37,23309
2024-08-13,233.735,235.11,232.65,233.91,230.34,19211
2024-08-14,233.77,234.08,231.73,232.87,229.32,15129
2024-08-15,233.085,233.135,230.055,230.055,226.55,26328
2024-08-16,230.13,232.48,229.52,232.34,228.8,58127
2024-08-19,232.3,233.525,232.165,233.525,229.96,30910
2024-08-20,234.1,234.635,233.02,233.02,229.47,11464
2024-08-21,233.34,235.58,232.61,234.53,230.95,15987
2024-08-22,235.65,235.65,232.89,234.085,230.51,17909
2024-08-23,234.205,236.51,233.26,236.205,232.6,17954
2024-08-26,236.71,237.605,234.87,235.245,231.66,17280
2024-08-27,235.375,236.75,235.205,236.445,232.84,11257
2024-08-28,235.78,238.02,235.78,237.21,233.59,20266
2024-08-29,239.115,239.595,236.82,237.82,234.19,21037
2024-08-30,238.46,241.135,237.805,241.135,237.46,18154
2024-09-03,240.04,245.66,240.04,243.1,239.39,27074
2024-09-04,242.19,244.19,237.33,240.325,236.66,43090
2024-09-05,237.8,241.115,237.175,238.91,235.69,18947
2024-09-06,239.17,240.87,238.83,239.905,236.67,25500
2024-09-09,242.66,246.68,242.18,245.685,242.37,49936
2024-09-10,246.29,247.25,245.055,247.06,243.73,36576
2024-09-11,243.815,243.815,239.525,242.05,238.78,49446
2024-09-12,242.57,246.44,241.97,246.24,242.92,27437
2024-09-13,245.165,248.08,244.72,244.93,241.62,21419
2024-09-16,246.98,246.98,243.12,243.49,240.2,17038
2024-09-17,243.115,244.53,240.18,241.62,238.36,26814
2024-09-18,241.245,241.245,237.17,238.625,235.4,45820
2024-09-19,240.355,240.64,239.25,239.39,236.16,36571
2024-09-20,238.57,238.57,235.44,236.625,233.43,38715
2024-09-23,238.52,239.805,238.11,239.26,236.03,20083
2024-09-24,239.07,239.21,238.025,238.255,235.04,16457
2024-09-25,237.95,238.485,236.26,236.26,233.07,14256
2024-09-26,236.85,237.36,235.61,236.89,233.69,29359
2024-09-27,237.565,241.97,237.565,239.065,235.84,31135
2024-09-30,239.205,243.17,239.205,242.505,239.23,27042
2024-10-01,240.03,240.19,233.75,235.69,232.51,100624
2024-10-02,233.32,235.485,232.48,234.78,231.61,22215
2024-10-03,233.265,234.28,232.435,232.755,229.61,17815
2024-10-04,233.175,234.125,230.89,231.0,227.88,35371
2024-10-07,228.045,228.45,225.18,225.955,222.91,21778
2024-10-08,226.54,227.7,225.175,227.33,224.26,28940
2024-10-09,227.385,228.63,226.445,227.11,224.04,87991
2024-10-10,226.86,227.95,224.83,225.995,222.94,31398
2024-10-11,227.555,228.51,225.44,227.02,223.96,25303
2024-10-14,226.36,228.945,226.36,228.17,225.09,22483
2024-10-15,228.85,232.35,225.54,226.63,223.57,36014
2024-10-16,226.34,229.27,224.965,225.74,222.69,49680
2024-10-17,226.295,227.105,223.69,225.005,221.97,23675
2024-10-18,226.1,226.62,224.755,225.46,222.42,36229
2024-10-21,225.23,225.23,223.46,224.385,221.36,22022
2024-10-22,223.79,223.79,221.38,221.515,218.53,20001
2024-10-23,221.0,221.57,220.0,221.015,218.03,31791
2024-10-24,223.67,230.68,223.485,227.3,224.23,50665
2024-10-25,226.08,226.79,223.11,224.2,221.17,29402
2024-10-28,226.405,227.46,223.515,224.03,221.01,28866
2024-10-29,223.42,224.6,222.33,223.68,220.66,43639
2024-10-30,223.265,225.5,223.265,224.4,221.37,34313
2024-10-31,223.515,224.225,221.8,221.8,218.81,33035
2024-11-01,224.3,226.64,224.13,225.19,222.15,49598
2024-11-04,226.255,229.065,223.905,225.8,222.75,69401
2024-11-05,223.11,228.385,222.86,227.32,224.25,77696
2024-11-06,230.02,234.56,225.855,227.725,224.65,70944
2024-11-07,224.285,224.285,212.715,215.29,212.38,94484
2024-11-08,213.94,220.125,212.73,219.52,216.56,52387
2024-11-11,221.26,223.29,220.54,221.88,218.89,63341
2024-11-12,222.725,224.705,221.685,222.72,219.71,57743
2024-11-13,221.965,223.295,221.29,222.43,219.43,58787
2024-11-14,221.505,224.02,220.775,221.3,218.31,35334
2024-11-15,221.295,221.6,219.625,220.22,217.25,40631
2024-11-18,219.985,221.29,216.97,217.12,214.19,61337
2024-11-19,215.005,215.005,211.91,212.04,209.59,36897
2024-11-20,210.155,213.19,209.1,212.39,209.94,45539
2024-11-21,211.62,216.05,211.39,215.855,213.36,60376
2024-11-22,218.375,218.375,213.75,214.31,211.83,36478
2024-11-25,216.14,217.99,215.7,216.14,213.64,53000
2024-11-26,215.36,216.195,213.66,216.03,213.53,23687
2024-11-27,217.32,218.83,215.59,217.34,214.83,38845
2024-11-29,216.01,219.45,215.7,219.18,216.65,15685
2024-12-02,219.0,220.16,218.375,218.84,216.31,70011
2024-12-03,219.0,219.0,216.25,216.62,214.12,36475
2024-12-04,215.165,219.465,215.03,217.28,214.77,35762
2024-12-05,217.06,218.315,215.79,217.57,215.06,34805
2024-12-06,218.415,218.99,214.35,215.89,213.4,33680
2024-12-09,215.545,217.18,215.48,215.61,213.12,29461
2024-12-10,212.78,215.075,209.965,214.3,211.82,23431
2024-12-11,214.795,217.13,209.41,209.525,207.1,26803
2024-12-12,209.285,216.51,209.285,216.4,213.9,39890
2024-12-13,215.88,216.39,213.675,214.25,211.78,40276
2024-12-16,213.335,215.615,210.69,211.02,208.58,51794
2024-12-17,212.015,213.855,209.49,209.5,207.08,17647
2024-12-18,209.89,210.26,206.93,207.28,204.89,44682
2024-12-19,205.515,206.79,202.955,204.45,202.09,61918
2024-12-20,205.53,208.355,204.85,207.59,205.19,32178
2024-12-23,205.595,206.24,205.595,206.24,203.86,1798
2024-12-24,207.49,209.12,207.49,208.785,206.37,6626
2024-12-26,207.66,209.41,207.66,208.81,206.4,17960
2024-12-27,207.77,208.98,206.475,207.92,205.52,15718
2024-12-30,205.08,205.98,203.585,205.12,202.75,11994
2024-12-31,206.305,206.59,204.55,205.57,203.2,7601
2025-01-02,206.705,206.705,201.52,202.285,199.95,25458
2025-01-03,202.145,204.38,201.51,204.18,201.82,22858
2025-01-06,204.68,206.55,203.62,204.0,201.64,18035
2025-01-07,205.845,207.435,205.26,206.24,203.86,28425
2025-01-08,205.72,209.545,204.965,209.34,206.92,9694
2025-01-10,206.835,209.845,205.165,205.68,203.3,22362
2025-01-13,204.57,207.39,204.28,207.39,204.99,16261
2025-01-14,207.13,207.58,205.5,207.48,205.08,37731
2025-01-15,208.625,208.905,205.915,206.645,204.26,24829
2025-01-16,205.92,210.28,205.92,209.88,207.46,32432
2025-01-17,210.545,210.69,208.475,209.555,207.13,39702
2025-01-21,213.07,217.71,213.07,217.045,214.54,71817
2025-01-22,216.0,219.56,214.85,218.72,216.19,30102
2025-01-23,218.535,218.84,214.555,217.22,214.71,26407
2025-01-24,216.845,217.675,215.99,216.9,214.39,15779
2025-01-27,217.34,221.775,217.34,221.775,219.21,23215
2025-01-28,220.535,223.35,220.45,221.11,218.56,18342
2025-01-29,220.735,221.765,219.21,220.415,217.87,17835
2025-01-30,222.635,223.95,220.69,221.55,218.99,15816
2025-01-31,221.37,224.665,220.66,220.69,218.14,55012
2025-02-03,218.11,219.55,216.61,218.275,215.75,49654
2025-02-04,215.89,219.79,214.77,219.63,217.09,28152
2025-02-05,219.615,221.47,218.77,220.395,217.85,67910
2025-02-06,221.52,227.27,221.52,225.3,222.7,60770
2025-02-07,224.445,226.23,220.925,223.21,220.63,31689
2025-02-10,223.89,224.82,221.81,224.225,221.63,32436
2025-02-11,223.465,223.535,221.945,223.535,220.95,16470
2025-02-12,220.4,221.37,218.28,219.06,216.53,21134
2025-02-13,219.52,220.09,217.225,219.255,216.72,28129
2025-02-14,220.45,221.33,218.91,219.515,216.98,15732
2025-02-18,215.525,219.98,214.97,219.5,216.96,20214
2025-02-19,218.88,222.0,218.865,221.565,219.01,12703
2025-02-20,220.745,221.105,219.87,220.63,218.5,14618
2025-02-21,219.775,220.96,218.305,220.6,218.47,32936
2025-02-24,222.19,224.495,222.13,223.65,221.49,16416
2025-02-25,223.395,225.685,222.37,223.78,221.62,35998
2025-02-26,223.095,226.16,222.075,223.08,220.93,22507
2025-02-27,220.59,221.98,219.705,220.03,217.91,22478
2025-02-28,220.225,221.08,216.26,219.35,217.24,35966
2025-03-03,219.06,223.94,217.31,222.41,220.27,71451
2025-03-04,227.0,229.0,225.43,225.885,223.71,122765
2025-03-05,225.605,228.91,225.605,227.51,225.32,35745
2025-03-06,226.155,232.485,225.135,232.33,230.09,91498
2025-03-07,229.075,234.33,229.075,232.74,230.5,57193
2025-03-10,233.75,236.78,230.3,231.53,229.3,98202
2025-03-11,229.88,231.155,227.37,227.98,225.78,162053
2025-03-12,226.25,226.705,223.39,224.25,222.09,126752
2025-03-13,224.785,224.89,222.05,222.26,220.12,58043
2025-03-14,222.705,227.59,222.705,226.93,224.74,25047
2025-03-17,226.02,228.75,226.02,227.89,225.69,30189
2025-03-18,226.74,228.8,226.55,228.35,226.15,34884
2025-03-19,227.91,227.91,223.01,225.33,223.16,31371
2025-03-20,223.615,226.5,223.615,225.405,223.23,77913
2025-03-21,222.74,222.875,216.56,220.28,218.16,110153
2025-03-24,222.57,223.66,221.92,223.01,220.86,69681
2025-03-25,223.6,223.6,219.43,221.46,219.33,101551
2025-03-26,219.77,223.26,219.77,222.98,220.83,78083
2025-03-27,221.89,225.33,221.875,224.035,221.88,56462
2025-03-28,223.875,224.29,222.225,222.925,220.78,25892
2025-03-31,222.92,227.59,222.08,226.92,224.73,24763
2025-04-01,225.535,227.53,222.8,225.355,223.18,70437
2025-04-02,225.5,228.145,223.53,227.61,225.42,18151
2025-04-03,225.96,226.12,220.85,221.39,219.26,39767
2025-04-04,218.08,218.08,210.48,212.91,210.86,135536
2025-04-07,206.05,215.805,206.005,212.81,210.76,114044
2025-04-08,216.28,217.83,206.17,208.385,206.38,86136
2025-04-09,207.1,223.305,206.81,223.11,220.96,96055
2025-04-10,221.75,221.75,212.69,216.825,214.74,43928
2025-04-11,214.735,222.28,214.735,221.22,219.09,24408
2025-04-14,222.775,224.77,221.365,224.0,221.84,27129
2025-04-15,223.94,223.94,220.485,221.0,218.87,26051
2025-04-16,222.0,223.11,219.2,220.19,218.07,21477
2025-04-17,220.975,224.395,220.88,222.445,220.3,35259
2025-04-21,221.13,221.21,216.025,218.77,216.66,14465
2025-04-22,221.69,223.46,220.56,222.84,220.69,15857
2025-04-23,227.83,228.12,223.37,223.85,221.69,24695
2025-04-24,225.06,227.22,224.07,226.49,224.31,18455
2025-04-25,224.91,225.11,222.875,224.925,222.76,27169
2025-04-28,225.4,227.03,224.995,225.14,222.97,56371
2025-04-29,224.345,225.155,221.88,223.865,221.71,67998
2025-04-30,222.225,224.74,221.24,224.695,222.53,125739
2025-05-01,219.11,223.81,219.11,222.0,219.86,45834
2025-05-02,225.705,225.705,222.15,224.84,222.67,43738
2025-05-05,223.16,226.095,222.365,224.12,221.96,28329
2025-05-06,223.19,224.72,221.385,222.22,220.08,45896
2025-05-07,224.17,225.66,221.2,225.32,223.15,53281
2025-05-08,223.925,227.89,223.925,225.86,223.68,47677
2025-05-09,226.315,226.97,224.78,226.55,224.37,34441
2025-05-12,229.05,233.18,229.05,233.18,230.93,38953
2025-05-13,231.42,232.86,230.77,231.13,228.9,44550
2025-05-14,231.24,231.24,226.53,227.34,225.15,73482
2025-05-15,237.895,248.675,237.895,246.75,244.37,73372
2025-05-16,247.0,252.125,246.095,251.45,249.03,50829
2025-05-19,250.42,252.66,250.31,252.52,250.09,34608
2025-05-20,251.975,251.975,249.535,250.33,247.92,41356
2025-05-21,249.015,249.02,246.02,246.28,243.91,37428
2025-05-22,244.77,244.8,242.87,243.68,241.33,33443
2025-05-23,243.22,244.01,242.1,243.015,240.67,30131
2025-05-27,245.035,247.235,244.92,246.14,243.77,29029
2025-05-28,245.495,246.2,244.23,245.07,242.71,22381
2025-05-29,244.565,246.525,243.67,244.75,242.39,31289
2025-05-30,243.55,245.61,243.55,245.11,242.75,39104
2025-06-02,241.86,243.125,240.22,241.96,239.63,32191
2025-06-03,241.11,243.85,240.73,243.42,241.07,27519
2025-06-04,242.64,244.155,242.135,242.14,239.81,29539
2025-06-05,241.76,244.36,241.485,243.535,241.19,26598
2025-06-06,244.815,244.845,241.99,243.73,241.38,29333
2025-06-09,242.07,244.6,242.07,242.76,240.42,19127
2025-06-10,242.285,244.555,241.99,242.28,240.37,31838
2025-06-11,241.6,242.295,240.35,240.65,238.75,29203
2025-06-12,240.605,242.385,240.42,242.385,240.47,20672
2025-06-13,240.2,243.98,240.2,241.22,239.32,25343
2025-06-16,241.065,243.55,240.58,240.84,238.94,17536
2025-06-17,239.57,239.57,236.77,236.96,235.09,18919
2025-06-18,237.175,237.805,236.13,236.245,234.38,17771
2025-06-20,237.11,237.11,234.84,235.695,233.84,15587
2025-06-23,234.89,236.94,234.89,236.84,234.97,17675
2025-06-24,236.89,240.015,235.455,239.66,237.77,13695
2025-06-25,239.36,241.59,238.5,240.48,238.58,26137
2025-06-26,239.99,241.025,237.95,238.48,236.6,24562
2025-06-27,238.985,240.435,236.74,238.665,236.78,26559
2025-06-30,238.45,240.465,238.4,240.295,238.4,18511
2025-07-01,239.8,242.805,238.43,242.585,240.67,58734
2025-07-02,240.495,241.845,237.465,237.9,236.02,23319
2025-07-03,238.36,238.36,236.515,237.57,235.7,10334
2025-07-07,236.32,236.69,232.12,233.23,231.39,24066
2025-07-08,232.29,234.47,232.02,232.675,230.84,23093
2025-07-09,232.08,232.08,230.01,231.26,229.44,12396
2025-07-10,231.215,233.05,230.34,230.72,228.9,18662
2025-07-11,228.845,228.845,225.93,227.89,226.09,19089
2025-07-14,226.79,226.945,225.03,225.585,223.8,32038
2025-07-15,229.655,230.53,227.895,228.84,227.03,37096
2025-07-16,228.69,228.695,225.88,227.41,225.62,26551
2025-07-17,226.505,226.95,224.275,224.35,222.58,37185
2025-07-18,224.66,226.75,223.27,225.54,223.76,56168
2025-07-21,225.57,225.57,222.5,222.505,220.75,24610
2025-07-22,223.21,225.97,223.21,223.88,222.11,45951
2025-07-23,225.795,226.01,222.54,225.54,223.76,23913
2025-07-24,226.275,228.425,226.115,227.28,225.49,15503
2025-07-25,227.505,231.27,227.505,230.7,228.88,31223
2025-07-28,228.45,229.33,226.285,226.56,224.77,13158
2025-07-29,226.375,228.65,225.895,228.16,226.36,15172
2025-07-30,228.205,229.56,228.17,229.25,227.44,14928
2025-07-31,229.91,229.91,226.345,226.49,224.7,59124
2025-08-01,226.37,227.75,224.115,226.92,225.13,44055
2025-08-04,227.19,228.78,226.49,228.47,226.67,35782
2025-08-05,227.945,228.41,223.23,223.91,222.14,63741
2025-08-06,223.195,223.195,220.73,221.39,219.64,26517
2025-08-07,231.39,237.28,231.39,236.2,234.34,44502
2025-08-08,238.76,243.9,238.76,242.89,240.97,30300
2025-08-11,241.53,243.29,241.44,241.69,239.78,17569
2025-08-12,242.125,243.685,241.71,243.645,241.72,9933
2025-08-13,243.545,247.985,243.355,247.31,245.36,13019
2025-08-14,245.805,246.24,244.71,246.24,244.3,18346
2025-08-15,247.2,247.735,245.46,245.61,243.67,10403
2025-08-18,246.59,246.59,244.42,244.68,242.75,10785
2025-08-19,245.58,247.73,245.58,247.6,245.65,12597
2025-08-20,249.39,249.845,248.225,249.55,247.58,17767
2025-08-21,248.64,248.89,247.26,247.53,245.58,21621
2025-08-22,249.99,252.12,249.82,251.765,249.78,9214
2025-08-25,251.795,251.795,248.29,248.68,246.72,8409
2025-08-26,247.9,248.68,246.795,248.68,246.72,9422
2025-08-27,248.1,249.395,248.03,249.25,247.28,14155
2025-08-28,247.675,248.24,244.1,244.725,242.79,16781
2025-08-29,244.69,246.475,244.41,245.05,243.12,13812
2025-09-02,244.28,244.49,241.91,242.005,240.1,14522
2025-09-03,241.12,242.335,240.165,242.23,240.32,11828
2025-09-04,239.395,243.385,239.395,243.385,241.94,14241
2025-09-05,245.835,246.62,244.5,245.0,243.54,16357
2025-09-08,244.155,249.05,244.14,248.34,246.86,15488
2025-09-09,248.19,248.82,246.74,248.505,247.03,11417
2025-09-10,246.645,247.61,243.87,243.87,242.42,13375
2025-09-11,246.26,252.405,246.26,252.32,250.82,40518
2025-09-12,251.475,252.76,248.9,249.96,248.47,26007
2025-09-15,250.755,250.89,247.05,247.74,246.26,30361
2025-09-16,248.03,249.765,247.63,247.98,246.5,21964
2025-09-17,248.82,250.35,247.5,248.64,247.16,14564
2025-09-18,249.12,251.67,247.28,250.6,249.11,17492
2025-09-19,250.625,250.89,248.79,248.93,247.45,15015
2025-09-22,248.06,250.24,247.29,249.67,248.18,21773
2025-09-23,249.925,251.755,248.71,249.42,247.93,11634
2025-09-24,248.76,248.76,245.63,246.105,244.64,16675
2025-09-25,243.95,244.46,238.71,244.21,242.76,17033
2025-09-26,247.23,249.045,246.73,249.045,247.56,14268
2025-09-29,246.405,246.57,244.94,245.315,243.85,14487
2025-09-30,245.855,247.85,245.805,247.74,246.26,10750
2025-10-01,249.0,249.0,237.0,241.16,239.72,50864
2025-10-02,241.73,243.215,241.33,242.21,240.77,25480
2025-10-03,241.93,244.61,241.695,242.52,241.08,35651
2025-10-06,240.96,242.65,239.36,240.58,239.15,43854
2025-10-07,241.92,242.92,240.85,241.43,239.99,36397
2025-10-08,242.245,242.435,240.47,242.43,240.99,20418
2025-10-09,242.61,242.61,239.27,239.43,238.0,15882
2025-10-10,238.15,239.065,235.575,235.755,234.35,24061
2025-10-13,234.655,236.95,234.62,235.445,234.04,19753
2025-10-14,236.48,237.92,234.55,237.89,236.47,20130
2025-10-15,235.6,238.05,235.34,236.815,235.4,16672
2025-10-16,236.66,240.63,236.66,240.37,238.94,30709
2025-10-17,240.605,240.76,237.57,240.24,238.81,18434
2025-10-20,240.25,242.64,239.515,242.28,240.84,18472
2025-10-21,241.82,243.76,241.82,242.1,240.66,11698
2025-10-22,244.07,244.07,241.95,242.44,241.0,14731
2025-10-23,242.73,242.73,240.44,241.89,240.45,9560
2025-10-24,242.665,242.665,240.84,240.84,239.41,16003
2025-10-27,241.205,242.14,239.31,240.94,239.51,40603
2025-10-28,240.585,242.54,238.485,241.23,239.79,25512
2025-10-29,239.83,240.025,236.01,236.68,235.27,23797
2025-10-30,237.24,239.22,235.58,236.27,234.86,28935
2025-10-31,232.56,236.52,232.56,235.875,234.47,24408
2025-11-03,235.76,237.33,233.39,237.21,235.8,38250
2025-11-04,236.79,242.535,236.79,241.55,240.11,27917
2025-11-05,242.33,244.08,239.38,243.265,241.82,49223
2025-11-06,252.76,264.625,252.76,260.15,258.6,62570
2025-11-07,259.16,264.035,258.96,263.78,262.21,40693
2025-11-10,262.545,264.555,259.13,264.07,262.5,61462
2025-11-11,265.0,266.72,263.69,266.72,265.13,27627
2025-11-12,266.635,268.18,265.65,268.0,266.4,23879
2025-11-13,266.035,267.86,260.295,260.34,258.79,52764
2025-11-14,260.46,260.52,256.72,258.765,257.22,34199
2025-11-17,258.44,259.77,256.99,257.05,255.52,27017
2025-11-18,258.0,258.29,256.57,257.6,256.54,18874
2025-11-19,258.04,258.04,252.505,254.72,253.67,19714
2025-11-20,254.82,258.095,254.82,256.91,255.85,26050
2025-11-21,256.38,263.78,256.38,263.39,262.3,29487
2025-11-24,263.69,265.25,262.82,263.18,262.09,26299
2025-11-25,263.57,268.43,263.57,267.73,266.63,28423
2025-11-26,265.89,268.48,265.89,266.54,265.44,19225
2025-11-28,266.76,267.445,266.275,266.84,265.74,8047
2025-12-01,266.43,266.43,262.79,262.95,261.87,29672
2025-12-02,263.495,263.495,258.77,259.295,258.23,32460
2025-12-03,260.93,260.93,257.62,259.45,258.38,17276
2025-12-04,260.27,261.315,259.25,260.96,259.88,20777
2025-12-05,263.13,263.715,262.365,263.09,262.01,23920
2025-12-08,261.47,264.03,261.035,261.43,260.35,41068
2025-12-09,263.315,263.315,256.64,257.08,256.02,21206
2025-12-10,258.065,261.04,257.16,259.0,257.93,24092
2025-12-11,260.085,260.085,252.48,252.56,251.52,49838
2025-12-12,252.4,254.215,250.17,251.87,250.83,28335
2025-12-15,252.25,254.75,251.805,253.975,252.93,35398
2025-12-16,252.89,253.71,251.34,252.97,251.93,26691
2025-12-17,253.04,254.58,250.69,251.7,250.66,19088
2025-12-18,253.48,255.205,251.33,251.42,250.38,21892
2025-12-19,251.38,255.88,250.735,254.47,253.42,32047
2025-12-22,253.25,255.74,253.25,255.18,254.13,28836
2025-12-23,254.955,256.96,254.49,255.38,254.33,15767
2025-12-24,255.72,257.465,254.96,255.24,254.19,18541
2025-12-26,256.04,256.25,254.07,255.36,254.31,11444
2025-12-29,255.82,257.24,255.8,256.16,255.1,12955
2025-12-30,255.135,256.23,254.19,255.46,254.41,12918
2025-12-31,255.67,255.78,253.77,253.77,252.72,14961
2026-01-02,252.985,252.985,246.72,250.1,249.07,31893
2026-01-05,250.415,257.01,250.415,256.66,255.6,25313
2026-01-06,257.67,262.26,257.67,259.75,258.68,25526
2026-01-07,261.45,261.45,258.535,259.435,258.37,19526
2026-01-08,261.95,261.95,259.66,260.77,259.69,11480
2026-01-09,262.2,262.2,256.76,256.79,255.73,15746
2026-01-12,255.85,260.815,255.85,260.675,259.6,9114
2026-01-13,261.025,261.025,258.065,259.94,258.87,11679
2026-01-14,259.715,264.3,257.595,264.15,263.06,23064
2026-01-15,264.335,269.21,263.68,268.155,267.05,26444
2026-01-16,266.465,269.44,266.465,268.68,267.57,15692
2026-01-20,265.85,266.24,258.0,258.26,257.2,24421
2026-01-21,259.88,263.37,259.51,261.5,260.42,10718
2026-01-22,261.705,262.67,260.145,260.745,259.67,14941
2026-01-23,259.645,259.645,255.83,259.44,258.37,13374
2026-01-26,260.565,264.285,260.565,264.0,262.91,19496
2026-01-27,263.105,265.8,262.78,263.25,262.16,50994
2026-01-28,260.55,262.22,259.8,260.98,259.9,17640
2026-01-29,261.525,261.915,257.95,261.915,260.84,27975
2026-01-30,262.105,263.0,260.47,262.725,261.64,17506
2026-02-02,262.48,264.97,262.48,264.81,263.72,33800
2026-02-03,263.78,268.525,261.01,261.72,260.64,30112
2026-02-04,262.85,266.525,261.85,264.27,263.18,49839
2026-02-05,247.1,249.95,231.01,243.2,242.2,153566
2026-02-06,247.33,252.93,240.98,252.43,251.39,86938
2026-02-09,250.105,250.105,245.305,245.44,244.43,47558
2026-02-10,246.79,248.055,244.66,244.69,243.68,34811
2026-02-11,243.15,243.91,238.42,243.47,242.47,45322
2026-02-12,244.375,247.0,242.25,243.98,242.97,75539
2026-02-13,248.96,249.43,246.75,247.965,246.94,49589
2026-02-17,247.04,249.23,245.4,245.48,244.93,59281
2026-02-18,245.67,250.85,245.67,249.56,249.0,66621
2026-02-19,249.24,251.11,248.66,250.995,250.44,41828
2026-02-20,251.66,255.39,249.305,250.51,249.95,67648
2026-02-23,250.715,250.715,246.45,247.16,246.61,61532
2026-02-24,247.135,249.35,246.215,246.89,246.34,58532
2026-02-25,247.92,251.67,244.435,251.6,251.04,70405
2026-02-26,254.54,255.37,251.02,254.6,254.03,58460
2026-02-27,252.13,253.82,251.49,252.29,251.73,33076
2026-03-02,250.64,250.64,245.665,247.98,247.43,33452
2026-03-03,241.64,244.31,241.08,243.12,242.58,32674
2026-03-04,243.74,245.705,242.67,243.09,242.55,35677
2026-03-05,240.945,240.945,235.335,238.43,237.9,72580
2026-03-06,233.81,233.81,230.14,230.52,230.01,48381
2026-03-09,228.09,228.09,222.315,227.73,227.22,100749
2026-03-10,224.78,225.43,221.97,222.11,221.62,40073
2026-03-11,222.07,222.12,217.42,221.63,221.14,95242
2026-03-12,219.215,219.88,212.17,212.37,211.9,66767
2026-03-13,215.31,216.4,210.23,214.68,214.2,59972
2026-03-16,217.385,220.9,217.02,219.15,218.66,39505
2026-03-17,221.855,221.855,219.665,220.28,219.79,33058
2026-03-18,217.13,218.77,215.91,216.16,215.68,34100
2026-03-19,216.735,218.97,215.925,217.935,217.45,25983
2026-03-20,217.9,220.615,217.82,220.13,219.64,63036
2026-03-23,222.775,224.02,220.785,221.085,220.59,72245
2026-03-24,218.565,225.0,218.565,221.785,221.29,41508
2026-03-25,224.575,224.575,220.78,223.52,223.02,28534
2026-03-26,222.21,225.71,222.21,223.425,222.93,28179
2026-03-27,221.805,223.335,219.12,219.92,219.43,37324
2026-03-30,218.88,221.91,218.88,219.285,218.8,26542
2026-03-31,221.03,222.34,218.3,220.85,220.36,35584
2026-04-01,219.915,222.4,218.78,219.995,219.51,29658
2026-04-02,216.035,220.59,215.895,218.42,217.93,59005
2026-04-06,219.36,220.05,219.155,219.86,219.37,16979
2026-04-07,219.875,220.28,217.895,219.33,218.84,48081
2026-04-08,223.81,225.24,222.77,224.945,224.44,26779
2026-04-09,221.0,224.37,221.0,223.585,223.09,33612
2026-04-10,223.4,223.67,222.01,222.56,222.06,25363
2026-04-13,221.84,224.7,221.755,224.64,224.14,32683
2026-04-14,223.48,225.955,223.48,224.93,224.43,28807
2026-04-15,224.625,226.515,220.7,221.52,221.03,60634
2026-04-16,221.71,221.71,218.355,219.71,219.22,55064
2026-04-17,223.365,227.64,222.995,225.82,225.32,30570
2026-04-20,224.59,226.32,224.575,226.26,225.76,30455
2026-04-21,225.22,227.58,219.31,219.49,219.0,82547
2026-04-22,221.07,224.78,221.07,223.5,223.0,80337
2026-04-23,222.975,223.89,220.73,223.42,222.92,31631
2026-04-24,222.2,224.185,221.35,221.725,221.23,23419
2026-04-27,221.53,222.98,221.53,222.3,221.81,19785
2026-04-28,224.42,224.42,218.24,219.74,219.25,34192
2026-04-29,217.6,217.63,211.51,212.73,212.26,64500
2026-04-30,212.68,217.3,212.67,216.86,216.38,37923
2026-05-01,217.41,218.27,214.44,214.46,213.98,47114
2026-05-04,213.09,214.08,212.32,212.32,211.85,31828
2026-05-05,210.67,213.72,210.245,213.23,212.76,28680
2026-05-06,216.82,217.175,214.2,214.49,214.01,51102
2026-05-07,213.62,215.96,213.265,214.05,213.57,34948
2026-05-08,212.815,212.935,207.08,207.32,206.86,54223
2026-05-11,206.04,207.2,201.18,201.7,201.25,77766
2026-05-12,204.6,213.03,200.795,210.85,210.38,186313
2026-05-13,209.26,212.25,208.43,211.09,210.62,80856
2026-05-14,211.89,216.47,211.83,216.155,215.67,61833
2026-05-15,215.72,216.16,211.345,212.08,211.61,77109
2026-05-18,212.115,217.43,212.115,213.005,212.53,73393
2026-05-19,211.96,216.05,211.225,214.53,214.05,42392
2026-05-20,213.895,216.87,210.88,215.58,215.1,89861
2026-05-21,212.53,219.72,212.14,219.66,219.17,44658
2026-05-22,218.96,218.96,215.375,216.59,216.11,48987
2026-05-26,215.62,216.83,213.825,216.34,215.86,49448
2026-05-27,217.635,217.635,212.65,212.97,212.5,36988
2026-05-28,210.29,217.05,209.79,215.37,214.89,43642
2026-05-29,214.41,214.675,211.27,212.81,212.34,49016
2026-06-01,212.47,213.09,210.19,210.91,210.44,47619
2026-06-02,208.555,211.87,208.075,209.71,209.24,35401
2026-06-03,210.415,211.56,209.56,210.28,209.81,51305
2026-06-04,215.33,216.01,212.04,212.24,211.77,78477
2026-06-05,213.52,213.52,210.88,212.185,211.71,69802
2026-06-08,210.08,211.45,210.04,210.04,210.04,33937
