date,open,high,low,close,adj_close,volume
2021-06-09,232.715,234.295,231.515,231.515,206.39,77332
2021-06-10,232.04,234.88,232.04,234.63,209.17,67859
2021-06-11,234.99,237.475,234.945,236.94,211.23,111334
2021-06-14,237.09,237.69,234.86,237.0,211.28,53091
2021-06-15,237.45,237.62,235.68,236.29,210.65,55058
2021-06-16,236.68,237.175,233.83,235.59,210.03,114657
2021-06-17,235.18,236.26,233.29,233.91,208.53,76899
2021-06-18,231.42,232.28,228.84,229.79,204.85,93960
2021-06-21,230.74,233.13,229.81,232.895,207.62,39491
2021-06-22,232.955,234.835,232.46,233.9,208.52,54511
2021-06-23,234.0,234.24,232.725,233.38,208.06,60107
2021-06-24,234.235,235.13,232.84,233.36,208.04,73088
2021-06-25,233.12,233.305,232.41,232.41,207.19,128290
2021-06-28,232.63,232.63,230.03,231.03,205.96,54735
2021-06-29,231.2,231.31,230.06,230.37,205.37,61896
2021-06-30,230.87,232.05,230.62,231.02,205.95,69311
2021-07-01,231.38,232.31,230.79,232.23,207.03,87509
2021-07-02,232.5,234.06,232.5,233.62,208.27,51484
2021-07-06,233.82,233.86,231.02,232.77,207.51,57607
2021-07-07,232.115,234.94,231.79,234.53,209.08,70749
2021-07-08,232.925,233.77,231.96,232.69,207.44,45833
2021-07-09,233.975,236.22,233.16,235.7,210.12,71176
2021-07-12,234.94,236.04,234.54,235.58,210.02,89517
2021-07-13,235.78,237.46,235.27,236.12,210.5,84024
2021-07-14,236.99,239.04,236.8,237.01,211.29,56059
2021-07-15,236.825,237.25,234.99,236.93,211.22,65123
2021-07-16,237.48,237.77,234.465,234.63,209.17,58959
2021-07-19,232.32,233.24,226.47,229.14,204.28,120805
2021-07-20,230.85,235.52,230.265,234.2,208.79,116171
2021-07-21,235.92,238.1,235.26,235.86,210.27,72123
2021-07-22,235.86,239.67,235.23,238.64,212.74,113099
2021-07-23,240.13,244.98,239.67,242.915,216.56,206211
2021-07-26,241.815,244.51,241.815,243.9,217.43,134063
2021-07-27,244.38,247.02,244.355,246.67,219.9,158570
2021-07-28,242.885,243.62,239.39,241.75,215.52,256939
2021-07-29,243.31,245.16,243.16,244.045,217.56,59027
2021-07-30,243.875,245.31,242.62,242.69,216.36,49027
2021-08-02,243.13,244.35,239.725,240.06,214.01,64154
2021-08-03,239.76,239.78,235.28,236.92,211.21,265016
2021-08-04,236.275,236.565,233.155,234.845,209.36,94507
2021-08-05,235.57,236.78,234.38,236.44,210.78,160113
2021-08-06,236.69,237.03,235.7,236.255,210.62,104968
2021-08-09,235.74,235.79,234.1,234.72,209.25,46753
2021-08-10,234.805,234.9,233.26,233.41,208.08,102489
2021-08-11,234.005,235.89,233.89,235.5,209.95,50718
2021-08-12,235.995,236.73,235.09,236.73,211.04,50557
2021-08-13,236.61,238.89,236.44,238.8,212.89,48128
2021-08-16,239.2,241.02,238.58,240.98,214.83,49676
2021-08-17,240.455,240.69,238.25,240.26,214.19,53242
2021-08-18,239.72,239.73,237.82,237.99,212.17,41860
2021-08-19,236.77,237.89,236.14,237.15,211.42,66089
2021-08-20,236.62,239.38,236.57,238.49,212.61,43260
2021-08-23,239.5,240.04,238.01,239.695,213.69,39617
2021-08-24,240.04,240.145,238.395,238.43,212.56,71307
2021-08-25,238.13,239.39,238.13,238.89,212.97,41757
2021-08-26,238.76,238.76,235.93,236.92,211.21,56839
2021-08-27,237.065,238.31,236.66,237.53,211.75,66689
2021-08-30,237.04,237.75,235.855,236.62,210.94,126396
2021-08-31,235.14,237.67,234.74,237.475,212.87,84170
2021-09-01,237.57,239.01,237.235,238.13,213.45,90352
2021-09-02,239.165,239.94,238.48,239.87,215.01,57035
2021-09-03,238.65,239.53,237.54,238.8,214.05,82117
2021-09-07,238.16,238.16,236.01,236.26,211.78,71499
2021-09-08,236.86,239.02,236.04,238.6,213.88,72187
2021-09-09,238.2,241.355,237.84,238.57,213.85,103390
2021-09-10,240.32,241.1,239.08,239.24,214.45,58233
2021-09-13,240.91,241.77,239.96,241.23,216.23,72529
2021-09-14,241.775,242.13,239.61,241.16,216.17,85280
2021-09-15,239.91,241.27,238.25,240.97,216.0,78283
2021-09-16,240.08,243.57,240.08,243.355,218.14,128049
2021-09-17,243.19,244.6,241.94,242.42,217.3,94610
2021-09-20,239.625,241.93,236.64,239.01,214.24,188379
2021-09-21,240.11,242.2,239.45,240.46,215.54,109543
2021-09-22,241.505,245.73,241.505,243.02,217.84,107130
2021-09-23,244.82,245.86,243.55,244.77,219.41,76890
2021-09-24,246.07,247.31,245.275,246.45,220.91,55060
2021-09-27,245.87,248.88,245.29,248.13,222.42,140670
2021-09-28,247.2,247.58,242.99,243.875,218.6,110739
2021-09-29,244.06,245.71,243.25,244.3,218.98,103430
2021-09-30,244.32,245.27,241.07,241.12,216.13,133066
2021-10-01,243.0,244.655,240.55,242.81,217.65,90344
2021-10-04,243.26,244.8,241.86,243.06,217.87,118032
2021-10-05,243.655,246.74,243.08,245.18,219.77,63526
2021-10-06,244.35,247.125,243.18,247.1,221.49,52736
2021-10-07,248.1,249.87,248.1,248.39,222.65,76246
2021-10-08,248.41,249.45,247.17,247.625,221.96,36869
2021-10-11,248.03,249.0,246.55,246.62,221.06,42844
2021-10-12,248.34,248.4,244.22,244.55,219.21,55839
2021-10-13,243.38,243.38,239.975,242.65,217.51,92315
2021-10-14,243.15,245.395,242.25,244.58,219.24,156880
2021-10-15,245.32,246.36,242.07,242.08,216.99,136691
2021-10-18,242.34,243.25,241.22,242.34,217.23,91391
2021-10-19,243.065,243.745,241.56,242.84,217.68,57409
2021-10-20,241.305,242.47,239.285,239.67,214.83,115075
2021-10-21,240.33,241.89,239.31,241.445,216.43,107998
2021-10-22,240.965,242.19,238.03,238.43,213.72,75719
2021-10-26,237.64,238.35,236.175,236.38,211.89,135002
2021-10-27,241.52,244.54,239.62,242.81,217.65,272537
2021-10-28,243.29,246.05,242.58,245.46,220.02,177017
2021-10-29,242.97,246.07,242.47,245.52,220.08,106115
2021-11-01,245.87,251.66,245.35,250.57,224.6,105881
2021-11-02,251.345,252.16,248.185,249.13,223.31,90993
2021-11-03,248.81,251.115,248.27,250.39,224.44,143598
2021-11-04,250.87,254.17,250.53,253.5,227.23,154940
2021-11-05,255.52,257.3,254.675,254.71,228.32,114638
2021-11-08,254.78,255.265,251.93,253.07,226.85,88763
2021-11-09,252.825,253.6,250.505,252.68,226.5,70512
2021-11-10,250.99,253.71,250.99,253.22,226.98,74780
2021-11-11,252.95,253.08,249.31,250.17,224.25,53114
2021-11-12,250.245,251.0,248.93,250.695,224.72,65236
2021-11-15,250.895,253.73,250.67,252.97,226.76,63372
2021-11-16,253.25,254.02,252.48,252.53,226.36,38939
2021-11-17,252.575,253.09,250.615,252.74,226.55,43399
2021-11-18,252.96,253.48,251.14,253.48,227.21,39146
2021-11-19,252.8,253.08,250.47,252.01,225.9,61437
2021-11-22,252.5,255.41,252.5,253.49,227.22,84130
2021-11-23,254.41,255.7,253.13,255.32,228.86,100927
2021-11-24,254.42,257.695,254.42,257.13,230.48,81754
2021-11-26,251.65,252.74,248.31,250.0,224.09,103045
2021-11-29,251.64,252.15,249.955,250.26,224.33,52152
2021-11-30,247.145,247.75,244.15,244.47,220.35,106518
2021-12-01,246.48,250.765,244.17,244.17,220.08,128401
2021-12-02,245.65,250.275,245.65,248.82,224.27,98275
2021-12-03,249.67,250.55,247.78,249.28,224.69,89728
2021-12-06,252.48,256.915,252.38,255.83,230.59,124395
2021-12-07,257.07,260.32,256.735,260.04,234.39,81938
2021-12-08,260.77,262.69,259.09,259.51,233.91,112703
2021-12-09,259.265,263.085,258.49,262.37,236.49,56407
2021-12-10,263.71,265.2,262.43,264.96,238.82,59196
2021-12-13,264.67,265.29,262.47,263.11,237.15,119113
2021-12-14,262.7,263.515,261.77,262.55,236.65,107676
2021-12-15,262.49,265.66,261.42,264.51,238.41,109399
2021-12-16,264.785,266.89,264.36,265.44,239.25,87700
2021-12-17,264.38,264.46,261.03,261.73,235.91,92505
2021-12-20,259.51,261.94,258.58,261.64,235.83,154719
2021-12-21,263.9,266.48,263.525,264.39,238.31,88188
2021-12-22,264.43,265.3,264.4,264.94,238.8,49720
2021-12-23,265.6,267.25,265.52,265.93,239.69,31749
2021-12-27,266.335,268.22,266.11,268.22,241.76,36338
2021-12-28,268.35,269.16,267.61,267.94,241.51,40178
2021-12-29,268.195,269.695,267.98,268.56,242.07,30836
2021-12-30,269.08,269.085,266.745,267.22,240.86,68315
2021-12-31,267.99,269.1,267.255,268.09,241.64,58156
2022-01-03,269.49,270.535,265.65,268.48,241.99,94276
2022-01-04,269.57,271.1,268.27,268.52,242.03,104936
2022-01-05,269.2,269.92,266.95,267.15,240.79,122060
2022-01-06,267.99,270.72,267.99,269.81,243.19,107432
2022-01-07,268.68,270.07,267.0,267.0,240.66,90807
2022-01-10,265.38,265.505,262.1,264.42,238.33,135962
2022-01-11,263.65,263.765,260.52,262.095,236.24,184867
2022-01-12,263.285,263.565,260.32,260.78,235.05,156910
2022-01-13,261.335,263.825,260.62,261.26,235.49,113302
2022-01-14,261.05,261.165,257.21,257.65,232.23,113282
2022-01-18,256.695,257.03,254.44,256.5,231.19,110143
2022-01-19,257.11,257.845,255.08,255.2,230.02,92400
2022-01-20,256.07,258.01,252.92,253.12,228.15,105748
2022-01-21,253.78,258.375,253.685,254.62,229.5,139859
2022-01-24,252.7,253.4,249.865,251.88,227.03,36412
2022-01-25,250.93,252.515,247.185,250.54,225.82,187959
2022-01-26,252.995,254.18,248.01,249.75,225.11,169600
2022-01-27,249.58,252.36,245.565,248.6,224.07,353501
2022-01-28,250.0,256.28,247.32,256.1,230.83,216390
2022-01-31,254.92,259.46,254.54,259.335,233.75,96755
2022-02-01,259.72,259.77,255.645,259.06,233.5,101244
2022-02-02,258.58,262.6,258.5,262.22,236.35,74319
2022-02-03,262.19,262.63,260.09,260.53,234.83,125731
2022-02-04,259.92,261.6,257.825,260.09,234.43,93570
2022-02-07,260.59,261.57,259.17,259.85,234.21,68652
2022-02-08,260.99,262.13,259.195,260.04,234.39,141426
2022-02-09,261.99,262.7,259.45,259.78,234.15,102600
2022-02-10,258.61,260.44,255.965,256.985,231.63,181898
2022-02-11,256.79,258.63,254.8,255.27,230.09,118990
2022-02-14,255.54,256.21,251.75,253.34,228.35,170670
2022-02-15,255.3,256.875,253.56,253.78,228.74,136174
2022-02-16,253.65,254.505,251.28,253.03,228.07,149030
2022-02-17,252.0,252.78,250.11,250.92,226.17,163788
2022-02-18,251.04,252.225,250.14,250.57,225.85,95255
2022-02-22,250.29,254.67,249.745,252.66,227.73,174178
2022-02-23,253.65,253.65,247.13,247.86,223.41,126959
2022-02-24,242.98,245.58,239.61,245.06,220.88,193768
2022-02-25,245.54,249.53,243.79,249.53,224.91,193235
2022-02-28,244.3,245.69,242.36,244.69,221.78,188046
2022-03-01,242.86,243.39,238.36,239.52,217.09,224481
2022-03-02,240.98,242.74,239.76,240.85,218.3,263931
2022-03-03,241.83,242.215,235.72,236.64,214.48,292031
2022-03-04,234.71,236.37,231.655,235.84,213.76,221354
2022-03-07,234.25,234.25,224.2,224.22,203.22,311104
2022-03-09,227.095,227.095,222.11,222.42,201.59,419479
2022-03-10,220.15,222.04,217.675,222.03,201.24,322958
2022-03-11,224.195,229.05,224.195,226.78,205.54,451455
2022-03-14,226.55,228.42,223.28,226.16,204.98,483983
2022-03-15,228.18,234.545,228.18,232.47,210.7,302795
2022-03-16,234.82,238.13,234.51,238.13,215.83,321789
2022-03-17,236.4,237.38,234.56,237.38,215.15,166604
2022-03-18,236.37,239.19,235.99,238.99,216.61,146523
2022-03-21,239.475,240.08,234.08,235.28,213.25,273330
2022-03-22,237.43,238.44,236.565,238.22,215.91,192296
2022-03-23,237.085,237.905,235.985,236.17,214.05,216700
2022-03-24,237.435,241.04,236.515,240.29,217.79,197230
2022-03-25,240.555,241.81,239.43,241.515,218.9,135321
2022-03-28,241.79,242.94,239.9,242.88,220.14,128720
2022-03-29,246.23,248.63,246.23,248.08,224.85,179892
2022-03-30,247.795,250.455,247.61,248.99,225.67,125596
2022-03-31,249.6,251.29,247.28,247.29,224.13,123478
2022-04-01,248.33,249.41,246.18,249.26,225.92,71926
2022-04-04,246.85,246.98,242.38,246.915,223.79,76998
2022-04-05,245.6,249.51,245.6,248.55,225.28,98185
2022-04-06,247.92,252.37,246.14,251.45,227.9,201325
2022-04-07,250.76,255.47,249.65,254.39,230.57,193482
2022-04-08,253.91,254.84,250.95,251.53,227.98,95085
2022-04-11,251.18,252.72,250.04,250.51,227.05,116405
2022-04-12,250.28,252.23,248.91,249.21,225.87,191119
2022-04-13,249.585,251.64,249.2,251.445,227.9,125956
2022-04-14,252.62,253.715,250.44,250.64,227.17,85363
2022-04-18,250.49,252.42,250.05,251.07,227.56,68370
2022-04-19,250.5,255.925,250.5,255.585,231.65,69518
2022-04-20,256.41,257.67,254.86,255.98,232.01,103137
2022-04-21,257.5,259.55,254.9,255.35,231.44,103946
2022-04-22,254.7,254.87,249.985,250.21,226.78,108388
2022-04-25,249.45,253.07,247.98,252.88,229.2,90077
2022-04-26,250.89,252.41,248.34,248.51,225.24,162271
2022-04-27,247.68,250.89,247.09,247.2,224.05,133536
2022-04-28,249.495,256.36,248.59,254.2,230.4,175747
2022-04-29,254.5,254.85,248.815,249.28,225.94,110549
2022-05-02,250.945,251.25,242.37,246.84,223.73,148684
2022-05-03,247.75,247.83,242.45,245.9,222.87,106195
2022-05-04,246.99,254.76,246.27,254.24,230.43,137960
2022-05-05,252.81,254.49,246.865,249.09,225.76,94213
2022-05-06,248.07,252.42,248.07,250.79,227.31,112918
2022-05-09,247.955,249.885,246.79,247.49,224.31,153337
2022-05-10,249.27,250.68,245.01,245.81,222.79,176400
2022-05-11,245.52,246.17,243.295,244.43,221.54,189824
2022-05-12,244.925,246.27,241.195,244.19,221.32,196020
2022-05-13,246.7,246.7,242.41,245.06,222.11,124105
2022-05-16,244.34,245.31,240.77,244.135,221.27,103783
2022-05-17,246.61,246.685,239.56,241.65,219.02,176926
2022-05-18,239.93,239.93,230.41,230.915,209.29,215648
2022-05-19,229.48,232.13,228.38,228.93,207.49,201815
2022-05-20,231.02,233.98,228.585,233.98,212.07,140911
2022-05-23,236.12,238.855,233.59,238.025,215.74,139909
2022-05-24,237.45,245.725,237.45,244.66,221.75,332750
2022-05-25,242.9,245.66,241.725,243.96,221.12,135059
2022-05-26,245.595,249.23,245.595,248.08,224.85,68097
2022-05-27,249.49,251.72,249.16,251.72,228.15,63578
2022-05-31,250.03,254.135,248.89,252.59,228.94,103892
2022-06-01,252.83,253.23,248.25,249.22,225.88,125669
2022-06-02,249.75,250.43,246.22,250.41,226.96,93418
2022-06-03,248.54,250.23,248.28,248.28,226.28,62145
2022-06-06,249.145,249.525,247.45,248.06,226.08,69675
2022-06-07,245.82,249.73,245.82,248.995,226.93,89447
2022-06-08,247.92,248.16,244.92,245.6,223.84,87156
2022-06-09,243.895,245.91,242.1,242.1,220.65,69689
2022-06-10,238.935,239.4,237.29,237.46,216.42,82580
2022-06-13,232.935,240.055,232.88,238.77,217.61,333363
2022-06-14,240.82,242.85,238.62,238.72,217.57,175798
2022-06-15,239.855,241.32,236.14,238.9,217.73,136946
2022-06-16,236.13,237.21,233.84,235.03,214.2,143788
2022-06-17,234.31,235.48,232.235,234.38,213.61,159493
2022-06-21,236.325,240.095,234.165,239.55,218.32,124259
2022-06-22,238.56,244.47,238.43,243.2,221.65,137661
2022-06-23,243.62,244.905,240.54,243.67,222.08,86143
2022-06-24,245.25,247.985,244.49,247.97,226.0,70106
2022-06-27,247.59,248.77,246.565,247.02,225.13,116181
2022-06-28,247.11,249.73,242.53,242.84,221.32,61919
2022-06-29,247.11,248.845,245.29,247.69,225.74,195002
2022-06-30,247.06,248.57,245.56,246.74,224.87,87674
2022-07-01,246.37,253.05,246.37,252.73,230.33,134355
2022-07-05,250.93,252.91,249.74,252.3,229.94,146924
2022-07-06,252.375,252.86,249.37,251.44,229.16,112281
2022-07-07,253.87,254.92,251.19,252.95,230.53,138438
2022-07-08,252.96,254.6,252.5,253.175,230.74,59592
2022-07-11,252.72,255.325,252.72,253.3,230.85,65608
2022-07-12,252.79,255.58,250.785,251.45,229.17,108721
2022-07-13,248.915,254.77,248.57,252.66,230.27,107436
2022-07-14,249.75,253.05,249.75,252.52,230.14,100253
2022-07-15,254.145,256.335,253.5,255.07,232.47,119387
2022-07-18,255.565,255.565,252.11,252.47,230.1,90952
2022-07-19,254.155,256.58,253.16,256.42,233.7,91494
2022-07-20,256.555,256.79,253.47,254.59,232.03,134690
2022-07-21,254.04,254.75,252.32,253.325,230.88,103711
2022-07-22,254.37,254.37,252.5,254.045,231.53,108716
2022-07-25,254.585,254.71,248.655,250.45,228.26,187447
2022-07-26,249.5,259.17,248.79,257.0,234.23,263898
2022-07-27,255.875,259.905,254.86,258.95,236.0,118008
2022-07-28,258.675,263.97,257.76,263.36,240.02,131533
2022-07-29,263.73,264.27,262.12,263.39,240.05,101186
2022-08-01,262.68,265.4,262.63,264.25,240.83,116291
2022-08-02,264.87,265.25,260.93,261.0,237.87,99821
2022-08-03,261.165,262.92,259.755,262.14,238.91,103907
2022-08-04,260.89,261.515,258.7,260.59,237.5,113026
2022-08-05,259.55,259.86,257.11,259.2,236.23,81289
2022-08-08,260.14,260.74,255.37,256.82,234.06,83928
2022-08-09,257.01,260.2,256.46,260.08,237.03,157439
2022-08-10,261.85,263.69,260.5,261.32,238.16,156123
2022-08-11,262.77,262.77,258.66,259.25,236.28,92899
2022-08-12,259.86,262.445,259.86,262.1,238.87,53983
2022-08-15,262.315,265.61,261.31,265.485,241.96,95172
2022-08-16,265.23,267.05,264.26,266.3,242.7,65724
2022-08-17,265.77,267.94,265.6,266.74,243.1,105276
2022-08-18,266.355,267.04,265.52,266.72,243.08,38451
2022-08-19,266.2,267.56,265.59,266.54,242.92,77555
2022-08-22,264.675,265.76,262.39,262.97,239.67,67554
2022-08-23,262.67,263.19,260.53,260.61,237.52,44272
2022-08-24,260.52,262.0,259.93,261.05,237.92,62726
2022-08-25,261.525,262.68,260.21,262.68,239.4,59489
2022-08-26,262.36,262.785,256.44,256.98,234.21,86967
2022-08-29,255.575,256.64,254.78,255.69,233.03,122182
2022-08-30,255.81,256.46,252.63,253.49,231.03,66859
2022-08-31,253.865,255.35,252.26,252.34,231.24,79094
2022-09-01,252.35,256.5,252.35,256.5,235.05,78845
2022-09-02,257.415,258.575,253.39,254.62,233.33,67140
2022-09-06,254.43,256.7,253.38,254.17,232.91,89703
2022-09-07,255.1,259.82,255.1,258.44,236.83,143094
2022-09-08,257.72,261.075,257.41,260.13,238.38,67513
2022-09-09,260.73,260.73,258.3,259.61,237.9,73080
2022-09-12,259.75,261.365,259.44,260.365,238.59,62122
2022-09-13,257.505,258.81,253.7,254.28,233.01,96643
2022-09-14,255.3,258.265,254.41,255.67,234.29,125622
2022-09-15,254.82,255.11,252.51,253.5,232.3,126755
2022-09-16,252.17,255.82,251.86,254.82,233.51,92589
2022-09-19,253.535,257.54,253.53,257.08,235.58,74325
2022-09-20,256.43,256.49,252.89,255.51,234.14,85237
2022-09-21,255.545,256.805,251.12,251.12,230.12,88810
2022-09-22,250.43,250.43,247.67,247.87,227.14,99759
2022-09-23,246.69,249.07,244.27,246.01,225.44,81690
2022-09-26,245.915,246.21,242.57,243.81,223.42,113326
2022-09-27,244.845,244.845,236.565,236.78,216.98,191388
2022-09-28,236.42,238.51,233.94,236.98,217.16,321161
2022-09-29,236.875,236.88,232.535,234.3,214.71,120423
2022-09-30,233.59,234.55,230.62,231.02,211.7,117940
2022-10-03,233.66,236.81,231.805,235.31,215.63,130829
2022-10-04,237.02,241.045,236.45,238.47,218.53,159932
2022-10-05,237.18,240.24,236.15,238.89,218.91,157322
2022-10-06,239.55,239.82,234.47,234.76,215.13,141018
2022-10-07,233.595,234.47,232.09,233.37,213.85,127490
2022-10-10,233.5,236.23,233.5,235.1,215.44,132734
2022-10-11,234.56,239.11,234.49,236.81,217.01,178933
2022-10-12,237.535,240.035,237.13,237.14,217.31,182659
2022-10-13,234.82,249.27,234.82,246.59,225.97,329886
2022-10-14,248.845,249.19,242.47,243.32,222.97,178518
2022-10-17,245.44,247.19,243.61,246.73,226.1,147813
2022-10-18,249.13,250.35,247.325,249.33,228.48,110350
2022-10-19,249.825,252.49,249.14,250.89,229.91,217863
2022-10-20,249.925,251.73,249.08,249.79,228.9,124840
2022-10-21,250.14,255.34,249.53,254.55,233.26,235382
2022-10-24,255.38,256.7,253.2,255.55,234.18,141494
2022-10-25,255.1,257.25,254.64,256.05,234.64,152205
2022-10-26,257.42,260.65,256.14,256.76,235.29,272139
2022-10-27,263.45,266.955,262.6,265.29,243.1,302685
2022-10-28,267.58,274.81,266.81,274.51,251.55,210796
2022-10-31,273.33,273.61,270.9,272.61,249.81,170172
2022-11-01,273.585,273.585,269.71,272.97,250.14,97298
2022-11-02,273.37,276.63,270.425,270.5,247.88,118861
2022-11-03,268.99,274.66,268.83,273.21,250.36,155092
2022-11-04,275.345,275.62,272.15,274.87,251.88,273334
2022-11-07,275.31,278.05,275.23,276.54,253.41,137610
2022-11-08,276.87,279.51,276.59,278.56,255.26,123835
2022-11-09,278.855,280.19,277.73,277.95,254.71,123495
2022-11-10,281.31,281.31,272.59,275.85,252.78,276816
2022-11-11,276.12,276.52,269.22,271.4,248.7,237077
2022-11-14,270.99,274.65,270.625,272.32,249.55,142778
2022-11-15,270.27,271.0,266.37,267.9,245.5,315294
2022-11-16,269.02,274.41,269.02,272.62,249.82,172208
2022-11-17,272.41,274.25,270.6,273.38,250.52,124147
2022-11-18,274.02,275.0,272.355,273.51,250.64,182408
2022-11-21,274.345,274.97,273.12,274.61,251.64,155671
2022-11-22,274.52,275.3,274.31,274.76,251.78,188780
2022-11-23,275.36,275.59,272.99,273.27,250.42,155913
2022-11-25,274.405,275.29,272.88,275.065,252.06,78838
2022-11-28,274.69,275.83,272.41,272.92,250.1,119104
2022-11-29,270.93,271.89,269.62,271.42,248.72,94681
2022-11-30,269.88,273.3,268.89,272.82,251.41,209219
2022-12-01,272.78,274.165,271.44,273.41,251.96,127191
2022-12-02,269.805,273.435,269.71,273.29,251.85,206238
2022-12-05,270.81,272.49,270.26,271.47,250.17,80998
2022-12-06,271.73,273.37,270.04,271.75,250.43,153830
2022-12-07,272.49,273.89,269.69,270.2,249.0,103740
2022-12-08,270.89,273.52,270.68,273.335,251.89,153932
2022-12-09,273.17,274.1,271.76,271.99,250.65,63273
2022-12-12,272.295,276.71,271.27,276.41,254.72,168345
2022-12-13,278.58,278.58,273.72,274.26,252.74,125392
2022-12-14,275.06,277.04,272.55,274.53,252.99,125271
2022-12-15,273.665,273.81,269.25,271.69,250.37,155343
2022-12-16,269.93,270.69,265.79,266.01,245.14,231838
2022-12-19,266.35,268.38,264.7,265.82,244.96,145332
2022-12-20,266.48,267.93,264.6,267.26,246.29,73940
2022-12-21,267.68,269.91,267.35,268.12,247.08,73502
2022-12-22,267.49,268.0,263.79,265.71,244.86,106679
2022-12-23,265.77,268.32,265.03,267.49,246.5,47702
2022-12-27,268.825,268.825,266.62,266.75,245.82,64630
2022-12-28,267.83,268.07,265.16,265.16,244.35,91765
2022-12-29,265.35,267.71,265.17,265.96,245.09,53751
2022-12-30,265.07,265.07,261.45,263.47,242.8,50374
2023-01-03,263.53,264.335,259.59,264.19,243.46,108727
2023-01-04,266.03,266.43,262.92,264.41,243.66,89952
2023-01-05,264.5,264.655,261.48,262.17,241.6,109236
2023-01-06,263.92,269.865,263.47,269.54,248.39,133712
2023-01-09,269.62,269.62,266.79,267.29,246.32,97254
2023-01-10,267.295,269.025,267.175,268.93,247.83,61751
2023-01-11,269.27,269.27,267.04,268.82,247.73,95267
2023-01-12,269.26,269.26,266.25,266.74,245.81,80162
2023-01-13,266.27,268.94,265.97,268.92,247.82,81476
2023-01-17,270.155,275.34,270.155,274.11,252.6,178707
2023-01-18,273.49,274.31,265.73,266.16,245.27,200674
2023-01-19,266.53,269.11,263.54,263.55,242.87,209488
2023-01-20,263.765,268.63,262.84,268.58,247.5,95814
2023-01-23,268.78,271.14,267.76,269.45,248.31,95775
2023-01-24,248.24,270.15,248.24,269.52,248.37,156229
2023-01-25,270.36,273.0,268.93,273.0,251.58,153212
2023-01-26,272.95,274.72,271.74,274.69,253.14,183384
2023-01-27,274.325,275.25,271.98,272.37,251.0,123685
2023-01-30,271.77,272.55,270.085,270.79,249.54,168479
2023-01-31,265.01,267.5,263.29,267.5,246.51,230100
2023-02-01,267.245,268.39,263.65,266.25,245.36,190743
2023-02-02,265.05,265.89,262.09,263.2,242.55,233173
2023-02-03,263.23,265.18,261.35,264.26,243.52,125738
2023-02-06,265.04,268.18,264.4,267.905,246.88,107420
2023-02-07,265.02,267.75,263.67,267.35,246.37,76606
2023-02-08,265.0,265.85,262.465,262.78,242.16,105877
2023-02-09,263.555,263.91,260.21,260.61,240.16,166357
2023-02-10,260.94,262.68,260.38,262.44,241.85,209424
2023-02-13,263.7,266.72,263.7,266.13,245.25,95358
2023-02-14,266.05,267.43,264.775,266.55,245.63,102115
2023-02-15,266.35,267.54,265.2,266.48,245.57,116789
2023-02-16,265.11,267.71,263.34,265.8,244.94,149183
2023-02-17,265.82,269.92,265.82,269.9,248.72,110007
2023-02-21,269.31,270.065,267.83,268.55,247.48,81302
2023-02-22,268.33,270.43,267.72,268.56,247.49,70866
2023-02-23,266.65,267.715,263.96,266.89,245.95,97170
2023-02-24,265.91,266.185,262.28,263.72,243.03,84579
2023-02-27,265.17,266.25,263.625,264.79,244.01,75734
2023-02-28,263.28,264.55,263.0,264.02,244.71,87977
2023-03-01,263.07,263.51,261.68,262.73,243.51,88025
2023-03-02,262.79,268.46,262.635,267.51,247.94,95343
2023-03-03,268.255,269.35,266.26,269.15,249.46,126797
2023-03-06,269.44,270.78,269.03,270.61,250.82,60049
2023-03-07,271.235,273.12,266.82,267.11,247.57,103329
2023-03-08,265.72,266.1,263.14,265.32,245.91,77742
2023-03-09,267.19,267.42,260.91,261.6,242.46,80642
2023-03-10,263.86,266.52,261.31,262.01,242.84,116999
2023-03-13,261.435,267.36,261.435,263.05,243.81,139601
2023-03-14,263.51,266.83,262.65,265.825,246.38,102200
2023-03-15,264.655,266.29,262.68,266.29,246.81,100861
2023-03-16,265.505,270.68,265.505,270.56,250.77,161460
2023-03-17,269.51,269.51,265.71,267.22,247.67,104578
2023-03-20,268.11,271.22,268.11,270.71,250.91,82269
2023-03-21,269.77,270.54,267.705,270.18,250.42,102526
2023-03-22,270.255,271.97,267.74,267.74,248.16,95033
2023-03-23,268.17,271.475,268.05,269.72,249.99,77154
2023-03-24,271.29,271.82,268.94,271.35,251.5,68778
2023-03-27,272.5,274.93,270.705,273.77,253.74,127314
2023-03-28,274.1,276.12,273.51,275.92,255.74,95617
2023-03-29,276.7,278.12,276.54,277.39,257.1,67157
2023-03-30,277.23,278.37,276.62,277.81,257.49,95636
2023-03-31,278.8,280.54,278.8,279.56,259.11,69802
2023-04-03,280.895,282.87,279.91,282.15,261.51,105380
2023-04-04,281.195,283.34,280.535,282.22,261.58,73256
2023-04-05,283.255,284.84,281.78,281.87,261.25,95600
2023-04-06,282.81,283.35,281.76,282.87,262.18,54552
2023-04-10,283.11,284.09,282.0,283.735,262.98,81284
2023-04-11,283.245,285.52,282.75,284.495,263.68,144678
2023-04-12,283.97,286.64,283.61,285.2,264.34,76189
2023-04-13,286.18,289.51,286.18,288.965,267.83,102654
2023-04-14,289.06,289.76,287.67,288.94,267.8,51418
2023-04-17,289.95,290.47,288.26,289.27,268.11,78611
2023-04-18,289.42,291.18,289.0,290.98,269.7,89711
2023-04-19,291.1,291.59,290.23,291.28,269.97,93098
2023-04-20,291.12,291.6,289.91,290.92,269.64,63454
2023-04-21,292.02,292.49,290.55,292.08,270.71,76506
2023-04-24,292.99,293.39,291.77,293.26,271.81,132416
2023-04-25,294.54,294.54,289.52,291.58,270.25,225362
2023-04-26,289.885,291.5,289.78,289.78,268.58,118557
2023-04-27,290.3,295.02,290.12,294.82,273.25,113085
2023-04-28,294.985,296.16,293.91,295.53,273.91,92069
2023-05-01,296.555,298.72,296.17,297.58,275.81,79998
2023-05-02,297.37,298.42,295.64,298.06,276.26,84838
2023-05-03,296.82,297.24,294.71,295.16,273.57,109072
2023-05-04,296.05,296.05,293.58,295.09,273.5,84410
2023-05-05,295.02,296.91,294.78,296.465,274.78,59786
2023-05-08,296.51,296.93,295.61,296.59,274.9,43378
2023-05-09,298.19,298.7,296.3,296.75,275.04,65118
2023-05-10,297.69,297.97,293.95,296.58,274.89,64256
2023-05-11,296.57,296.73,293.43,294.88,273.31,69809
2023-05-12,295.285,296.37,294.31,296.18,274.52,49342
2023-05-15,295.85,296.61,294.72,295.81,274.17,50140
2023-05-16,295.805,295.94,293.99,294.17,272.65,41349
2023-05-17,295.115,295.115,292.74,293.33,271.87,99818
2023-05-18,293.1,294.41,291.165,294.06,272.55,69291
2023-05-19,293.85,295.88,292.475,295.57,273.95,94335
2023-05-22,296.03,296.64,289.16,289.34,268.18,82002
2023-05-23,287.245,287.87,285.5,286.45,265.5,114149
2023-05-24,286.66,287.07,284.65,285.96,265.04,86118
2023-05-25,286.52,286.865,284.78,285.59,264.7,81837
2023-05-26,286.05,288.69,285.86,286.01,265.09,50427
2023-05-30,283.76,286.26,283.76,285.02,264.17,82522
2023-05-31,284.79,285.29,283.48,285.15,264.29,63304
2023-06-01,284.805,288.03,283.62,287.87,266.81,64811
2023-06-02,286.44,290.055,286.16,289.89,270.11,68145
2023-06-05,290.24,290.74,288.09,288.4,268.72,58791
2023-06-06,286.75,286.75,282.11,284.63,265.21,72391
2023-06-07,284.31,284.66,281.315,281.86,262.63,102765
2023-06-08,280.27,286.05,280.11,285.79,266.29,74527
2023-06-09,285.27,287.225,284.87,286.79,267.22,48991
2023-06-12,288.26,288.7,286.55,288.55,268.86,64637
2023-06-13,288.64,289.515,287.575,288.56,268.87,48552
2023-06-14,288.16,289.39,287.435,288.41,268.73,44291
2023-06-15,289.6,293.41,288.37,292.7,272.73,97521
2023-06-16,294.595,296.495,293.47,293.56,273.53,81121
2023-06-20,294.17,297.07,292.8,292.95,272.96,65327
2023-06-21,293.27,294.96,292.895,294.61,274.51,49854
2023-06-22,294.56,294.56,291.59,293.27,273.26,62425
2023-06-23,291.36,291.65,289.66,289.8,270.03,73727
2023-06-26,289.6,289.6,287.17,289.06,269.34,64349
2023-06-27,290.015,292.39,289.65,291.3,271.43,56801
2023-06-28,291.36,291.75,289.265,291.7,271.8,54835
2023-06-29,291.41,294.655,290.28,294.47,274.38,55526
2023-06-30,295.205,298.985,295.08,298.42,278.06,49816
2023-07-03,297.705,298.29,294.85,294.85,274.73,58650
2023-07-05,294.59,297.31,294.59,296.89,276.63,76099
2023-07-06,295.675,296.23,293.46,294.91,274.79,77159
2023-07-07,293.745,294.35,291.67,292.06,272.13,83260
2023-07-10,292.59,295.6,292.535,294.37,274.29,46016
2023-07-11,295.385,295.44,291.89,294.82,274.7,54332
2023-07-12,296.525,296.705,295.27,295.45,275.29,62359
2023-07-13,295.52,296.57,295.05,295.23,275.09,68771
2023-07-14,295.3,295.915,294.27,294.69,274.58,38519
2023-07-17,295.38,296.84,294.66,294.745,274.64,40970
2023-07-18,294.62,295.67,292.5,293.96,273.9,56316
2023-07-19,294.92,295.29,293.25,294.17,274.1,73578
2023-07-20,294.67,297.47,294.48,297.16,276.89,92421
2023-07-21,297.94,299.33,295.32,295.61,275.44,123893
2023-07-24,295.84,296.85,294.855,295.28,275.13,74491
2023-07-25,294.33,294.33,291.72,292.25,272.31,106394
2023-07-26,292.37,292.58,289.64,291.75,271.84,94472
2023-07-27,292.48,298.77,291.665,295.19,275.05,213798
2023-07-28,297.24,297.54,292.985,294.01,273.95,91019
2023-07-31,293.74,294.125,290.07,293.205,273.2,121698
2023-08-01,293.88,293.88,290.27,291.08,271.22,58197
2023-08-02,290.835,293.43,289.39,289.565,269.81,85799
2023-08-03,288.755,291.27,288.725,291.1,271.24,55093
2023-08-04,292.1,292.41,286.81,286.995,267.41,61977
2023-08-07,288.17,291.39,288.17,291.39,271.51,105164
2023-08-08,291.42,291.47,288.59,289.71,269.94,64337
2023-08-09,288.975,289.71,287.92,288.15,268.49,50968
2023-08-10,289.37,290.36,287.04,287.63,268.01,68296
2023-08-11,287.11,288.91,287.11,288.57,268.88,35472
2023-08-14,289.135,289.8,287.72,288.82,269.11,27933
2023-08-15,288.55,289.02,287.19,288.36,268.69,60811
2023-08-16,288.45,288.7,285.06,285.37,265.9,51174
2023-08-17,286.52,286.52,281.795,281.86,262.63,95456
2023-08-18,281.61,283.6,280.39,281.53,262.32,43965
2023-08-21,281.61,282.17,278.77,280.07,260.96,59309
2023-08-22,280.575,280.6,279.355,280.29,261.17,69377
2023-08-23,281.73,283.11,280.76,281.67,262.45,102858
2023-08-24,281.875,284.625,281.875,282.39,263.12,34039
2023-08-25,284.63,286.01,283.74,284.56,265.15,77825
2023-08-28,284.96,286.04,283.51,283.68,264.33,67446
2023-08-29,284.43,284.44,280.64,283.62,264.27,71658
2023-08-30,284.28,285.92,283.325,284.25,264.86,76925
2023-08-31,283.475,283.475,280.91,281.15,263.38,38523
2023-09-01,282.82,282.82,279.19,280.91,263.15,65352
2023-09-05,281.295,281.46,279.11,279.11,261.47,60868
2023-09-06,278.02,278.23,275.135,275.485,258.07,67321
2023-09-07,277.01,278.885,276.16,278.32,260.72,91331
2023-09-08,278.255,280.32,277.86,279.19,261.54,66469
2023-09-11,279.9,280.08,278.67,279.71,262.03,70605
2023-09-12,279.35,281.465,277.83,280.75,263.0,29358
2023-09-13,281.53,282.835,280.67,281.79,263.98,33943
2023-09-14,283.17,285.54,283.035,284.79,266.79,55677
2023-09-15,283.505,283.505,277.8,278.23,260.64,66955
2023-09-18,278.965,280.215,277.05,277.77,260.21,93923
2023-09-19,277.13,278.2,276.68,278.03,260.45,55345
2023-09-20,278.92,280.21,277.16,277.19,259.67,77108
2023-09-21,277.17,277.17,271.02,271.17,254.03,69540
2023-09-22,270.985,273.61,270.89,272.3,255.09,40281
2023-09-25,270.625,271.64,268.95,269.86,252.8,59246
2023-09-26,268.69,269.075,266.6,267.7,250.78,65408
2023-09-27,267.94,267.94,262.32,263.63,246.96,80954
2023-09-28,264.115,266.27,263.3,265.56,248.77,47100
2023-09-29,267.105,267.105,261.78,263.42,246.77,83137
2023-10-02,261.65,262.0,257.465,257.71,241.42,99515
2023-10-03,257.25,257.96,253.95,254.5,238.41,68884
2023-10-04,254.88,256.09,254.12,255.83,239.66,62028
2023-10-05,255.86,257.68,251.63,252.12,236.18,89423
2023-10-06,250.51,250.605,245.82,248.17,232.48,108866
2023-10-09,248.305,249.93,247.28,249.93,234.13,57559
2023-10-10,251.47,253.43,250.62,251.43,235.53,69171
2023-10-11,251.705,252.4,249.4,251.02,235.15,76793
2023-10-12,251.865,252.14,245.88,246.16,230.6,142459
2023-10-13,246.2,248.8,246.2,248.34,232.64,53995
2023-10-16,249.7,250.44,248.19,249.84,234.05,78632
2023-10-17,250.435,251.35,249.425,251.05,235.18,112930
2023-10-18,253.0,257.06,252.815,255.985,239.8,160809
2023-10-19,256.6,262.46,256.6,258.37,242.04,310608
2023-10-20,259.16,260.28,257.59,257.98,241.67,130508
2023-10-23,256.935,257.13,254.54,254.62,238.52,129051
2023-10-24,254.68,257.75,254.68,257.265,241.0,54267
2023-10-25,258.64,259.42,257.02,257.94,241.63,53292
2023-10-26,258.83,259.48,255.69,255.69,239.53,82060
2023-10-27,256.56,259.355,254.92,255.8,239.63,111949
2023-10-30,260.27,262.01,254.73,260.18,243.73,169473
2023-10-31,263.55,263.55,259.86,262.065,245.5,126574
2023-11-01,263.05,263.175,259.89,261.915,245.36,78966
2023-11-02,265.31,267.31,263.96,266.84,249.97,127323
2023-11-03,267.47,268.46,265.62,267.96,251.02,79945
2023-11-06,268.035,269.09,267.42,269.02,252.01,108187
2023-11-07,268.58,269.77,268.14,268.7,251.71,81604
2023-11-08,269.1,269.845,267.29,267.49,250.58,72246
2023-11-09,268.09,268.09,265.95,266.895,250.02,188258
2023-11-10,266.87,268.05,265.29,267.83,250.9,66782
2023-11-13,267.82,269.7,267.31,269.2,252.18,56065
2023-11-14,270.355,271.63,269.43,271.48,254.32,65542
2023-11-15,272.92,273.045,269.13,270.38,253.29,58216
2023-11-16,271.31,276.15,271.31,276.11,258.65,154225
2023-11-17,276.51,277.12,275.465,275.74,258.31,53954
2023-11-20,275.6,279.775,275.56,278.985,261.35,126322
2023-11-21,279.71,280.625,278.53,280.45,262.72,156596
2023-11-22,281.37,282.3,281.24,281.98,264.15,70649
2023-11-24,282.18,282.53,281.31,282.305,264.46,22066
2023-11-27,282.69,283.85,281.285,281.88,264.06,86873
2023-11-28,282.1,283.36,281.56,282.06,264.23,56587
2023-11-29,282.01,282.07,279.54,280.4,262.67,47209
2023-11-30,280.42,282.26,278.14,281.68,265.45,62572
2023-12-01,283.34,286.86,283.22,285.87,269.4,114832
2023-12-04,285.23,287.365,285.23,286.13,269.65,79172
2023-12-05,286.34,288.75,285.455,286.59,270.08,79958
2023-12-06,286.86,287.04,283.53,286.76,270.24,117518
2023-12-07,287.03,288.09,285.64,286.825,270.3,84746
2023-12-08,287.125,287.82,285.195,285.475,269.03,61189
2023-12-11,286.0,289.305,286.0,289.2,272.54,89294
2023-12-12,288.695,291.685,288.695,291.42,274.63,48599
2023-12-13,292.0,295.94,292.0,295.94,278.89,81073
2023-12-14,294.77,295.24,288.2,290.19,273.47,123725
2023-12-15,289.575,291.55,285.72,287.07,270.53,126921
2023-12-18,288.38,290.53,287.7,290.31,273.59,60060
2023-12-19,290.77,291.49,289.62,290.76,274.01,53581
2023-12-20,290.805,291.56,288.76,289.04,272.39,79942
2023-12-21,290.4,291.52,289.32,291.34,274.56,45556
2023-12-22,291.15,292.43,290.525,291.73,274.92,39585
2023-12-26,291.2,293.03,291.2,292.96,276.08,31901
2023-12-27,293.02,294.59,292.86,294.47,277.51,30306
2023-12-28,294.67,296.445,294.47,296.04,278.99,44502
2023-12-29,295.935,296.825,295.37,296.43,279.35,39071
2024-01-02,295.25,297.28,295.25,297.11,279.99,88163
2024-01-03,296.99,297.935,294.26,294.51,277.54,53093
2024-01-04,294.665,297.245,291.1,291.77,274.96,106461
2024-01-05,288.71,290.3,287.23,289.05,272.4,62557
2024-01-08,288.69,291.98,287.54,291.89,275.08,60900
2024-01-09,289.49,290.85,287.555,290.85,274.1,57333
2024-01-10,291.13,294.36,290.99,294.07,277.13,93636
2024-01-11,294.57,294.79,290.755,294.085,277.14,37921
2024-01-12,295.54,295.585,292.89,293.35,276.45,31724
2024-01-16,294.21,294.21,290.02,291.04,274.27,65094
2024-01-17,290.66,292.285,290.14,291.11,274.34,43003
2024-01-18,291.36,294.48,291.36,294.48,277.52,54163
2024-01-19,298.0,301.065,296.59,300.55,283.24,140304
2024-01-22,300.84,302.045,297.75,298.38,281.19,73729
2024-01-23,297.55,300.205,297.33,300.13,282.84,52259
2024-01-24,299.94,302.025,299.54,300.43,283.12,85406
2024-01-25,300.925,301.24,296.15,297.21,280.09,97183
2024-01-26,295.28,295.945,291.88,292.32,275.48,139353
2024-01-29,291.53,292.695,288.33,292.315,275.48,120818
2024-01-30,292.06,294.91,290.255,294.78,277.8,53563
2024-01-31,296.04,297.39,291.74,292.68,275.82,95555
2024-02-01,291.41,298.07,290.44,298.07,280.9,78482
2024-02-02,296.035,298.11,293.505,297.14,280.02,131059
2024-02-05,287.2,291.205,283.35,285.97,269.5,244769
2024-02-06,282.94,284.68,281.61,284.61,268.21,198380
2024-02-07,284.79,290.435,284.325,287.33,270.78,109997
2024-02-08,285.04,293.13,284.415,291.9,275.08,172739
2024-02-09,292.34,292.51,288.92,289.35,272.68,67447
2024-02-12,289.3,290.86,288.82,289.45,272.78,68390
2024-02-13,288.485,289.58,285.72,287.09,270.55,52005
2024-02-14,287.16,288.3,286.69,288.22,271.62,50326
2024-02-15,287.36,292.09,287.36,291.94,275.12,56955
2024-02-16,290.955,293.63,289.27,291.99,275.17,49993
2024-02-20,292.34,295.38,292.085,292.68,275.82,53923
2024-02-21,293.16,295.075,292.485,293.84,276.91,56108
2024-02-22,293.75,296.63,293.47,295.95,278.9,61457
2024-02-23,296.16,298.68,295.29,297.805,280.65,68071
2024-02-26,298.1,298.595,296.44,297.15,280.03,74266
2024-02-27,296.495,296.495,293.45,293.67,276.75,75707
2024-02-28,294.21,296.03,292.95,295.08,278.08,40864
2024-02-29,294.27,294.46,291.74,292.04,276.78,68599
2024-03-01,291.25,292.395,289.69,290.76,275.57,60485
2024-03-04,288.99,291.195,288.56,290.81,275.62,69822
2024-03-05,291.51,293.45,289.0,292.55,277.27,51408
2024-03-06,293.42,295.1,292.29,292.95,277.65,33475
2024-03-07,294.385,294.83,291.04,291.15,275.94,60043
2024-03-08,289.8,293.41,288.96,292.58,277.29,65168
2024-03-11,292.175,295.44,292.04,294.83,279.43,91254
2024-03-12,295.735,296.355,293.595,294.26,278.89,38984
2024-03-13,293.12,293.29,282.6,282.82,268.04,171277
2024-03-14,281.55,282.275,277.96,281.89,267.16,93441
2024-03-15,282.905,283.98,278.38,279.09,264.51,104274
2024-03-18,279.87,280.13,278.09,278.6,264.04,57757
2024-03-19,279.18,284.32,278.725,282.83,268.05,135475
2024-03-20,283.44,284.6,281.425,284.425,269.57,91770
2024-03-21,284.425,285.53,282.685,283.52,268.71,86872
2024-03-22,284.105,284.29,282.155,282.62,267.85,78868
2024-03-25,279.85,279.85,277.67,278.64,264.08,78971
2024-03-26,279.025,279.43,277.25,278.5,263.95,51022
2024-03-27,278.585,282.28,278.585,282.1,267.36,83870
2024-03-28,282.315,283.3,281.35,281.865,267.14,87915
2024-04-01,280.985,281.295,278.7,280.11,265.48,54628
2024-04-02,280.22,280.22,277.49,277.81,263.3,59668
2024-04-03,276.68,277.95,275.18,275.64,261.24,74929
2024-04-04,275.895,276.03,269.935,269.935,255.83,120101
2024-04-05,269.355,270.465,266.44,266.6,252.67,203200
2024-04-08,267.665,268.61,265.945,267.59,253.61,93739
2024-04-09,266.49,269.6,265.5,269.45,255.37,137284
2024-04-10,267.06,268.875,265.155,268.86,254.81,111681
2024-04-11,269.23,269.88,267.195,268.66,254.62,101948
2024-04-12,267.76,268.225,266.65,267.33,253.36,108064
2024-04-15,267.48,268.51,266.105,266.105,252.2,126245
2024-04-16,266.14,266.93,265.16,265.41,251.54,53035
2024-04-17,266.045,270.11,265.76,270.06,255.95,162273
2024-04-18,271.005,271.185,268.895,271.02,256.86,136678
2024-04-19,272.22,272.22,270.555,271.97,257.76,144013
2024-04-22,273.72,276.45,272.655,275.57,261.17,107666
2024-04-23,276.62,277.36,274.27,276.9,262.43,100850
2024-04-24,275.5,277.01,272.935,276.58,262.13,110185
2024-04-25,277.495,279.73,274.735,275.375,260.99,151404
2024-04-26,270.78,276.06,270.78,273.14,258.87,112082
2024-04-29,273.19,274.28,272.635,273.52,259.23,116471
2024-04-30,264.29,276.795,262.72,273.02,258.76,217075
2024-05-01,270.42,276.36,270.12,274.51,260.17,137172
2024-05-02,274.805,276.29,272.735,273.345,259.06,85804
2024-05-03,274.295,274.295,268.91,270.31,256.19,93253
2024-05-06,270.91,271.67,269.045,269.2,255.14,98782
2024-05-07,269.235,270.56,267.16,267.51,253.53,111075
2024-05-08,267.53,268.915,266.06,268.55,254.52,83563
2024-05-09,268.225,268.42,267.045,267.95,253.95,69027
2024-05-10,268.0,275.35,267.84,275.045,260.68,199758
2024-05-13,275.58,276.67,271.14,271.355,257.18,136837
2024-05-14,271.345,272.62,268.74,270.7,256.56,61048
2024-05-15,271.27,274.29,270.88,273.82,259.51,92428
2024-05-16,274.68,275.55,272.96,273.5,259.21,96243
2024-05-17,273.94,273.94,271.07,272.3,258.07,52813
2024-05-20,271.725,271.725,267.35,267.875,253.88,73056
2024-05-21,268.75,268.865,265.47,265.94,252.05,64839
2024-05-22,266.1,266.815,264.7,265.69,251.81,34036
2024-05-23,265.59,265.59,257.69,257.95,244.47,110515
2024-05-24,258.11,260.405,257.57,258.05,244.57,91616
2024-05-28,256.84,258.75,252.66,253.5,240.26,150713
2024-05-29,253.155,253.73,249.31,249.375,236.35,81238
2024-05-30,250.745,252.955,250.2,252.1,238.93,130275
2024-05-31,254.39,259.07,253.7,259.01,245.48,162184
2024-06-03,257.79,259.85,255.745,259.715,247.74,102037
2024-06-04,259.445,263.035,259.445,262.73,250.62,102927
2024-06-05,261.735,261.735,258.91,260.045,248.06,175095
2024-06-06,261.005,261.72,258.99,260.79,248.77,101971
2024-06-07,260.52,261.15,255.37,256.145,244.34,50947
2024-06-10,255.81,255.81,253.22,253.715,242.02,48823
2024-06-11,253.455,254.51,252.115,254.23,242.51,46134
2024-06-12,255.055,256.16,254.17,254.42,242.69,67636
2024-06-13,252.655,254.69,251.25,253.65,241.96,116351
2024-06-14,252.39,253.6,250.65,253.595,241.91,172358
2024-06-17,252.695,254.48,251.97,253.495,241.81,75836
2024-06-18,254.02,254.07,249.38,250.81,239.25,60739
2024-06-20,249.99,255.65,249.61,253.86,242.16,133811
2024-06-21,256.3,261.35,255.7,259.565,247.6,190097
2024-06-24,258.9,261.355,257.825,260.46,248.46,119658
2024-06-25,260.0,260.0,255.63,257.49,245.62,115580
2024-06-26,256.85,258.15,254.85,257.86,245.98,75085
2024-06-27,258.38,258.46,256.995,258.16,246.26,107252
2024-06-28,257.32,259.29,252.88,254.795,243.05,126012
2024-07-01,254.885,255.34,249.72,249.93,238.41,181659
2024-07-02,249.85,250.97,247.45,247.76,236.34,94470
2024-07-03,248.49,250.82,248.49,250.04,238.52,75707
2024-07-05,251.295,251.295,249.01,250.98,239.41,70909
2024-07-08,251.56,252.32,247.095,247.83,236.41,76512
2024-07-09,246.63,246.77,243.61,245.85,234.52,226980
2024-07-10,246.97,250.55,245.97,250.505,238.96,132541
2024-07-11,250.51,255.59,249.965,254.82,243.08,173315
2024-07-12,254.25,256.87,251.81,253.77,242.07,126186
2024-07-15,253.74,255.73,251.21,251.39,239.8,90617
2024-07-16,251.04,257.29,250.11,257.22,245.36,79134
2024-07-17,258.205,261.86,258.02,261.01,248.98,98095
2024-07-18,258.05,262.27,258.05,259.54,247.58,102535
2024-07-19,260.26,260.26,255.09,257.305,245.45,131986
2024-07-22,258.45,259.755,256.69,259.62,247.65,101447
2024-07-23,260.01,260.01,253.51,254.0,242.29,123875
2024-07-24,248.43,254.265,246.56,253.46,241.78,213281
2024-07-25,254.285,256.0,251.145,251.52,239.93,92942
2024-07-26,253.105,254.045,250.77,251.89,240.28,133378
2024-07-29,253.55,263.88,250.485,261.25,249.21,283423
2024-07-30,261.11,267.315,260.485,266.465,254.18,210201
2024-07-31,265.1,267.605,263.565,265.25,253.02,106304
2024-08-01,266.665,268.71,262.515,268.645,256.26,192888
2024-08-02,269.84,276.77,269.84,276.67,263.92,359958
2024-08-05,276.91,277.68,267.75,268.48,256.11,277779
2024-08-06,269.36,273.155,268.285,270.07,257.62,120706
2024-08-07,269.475,272.97,268.82,269.43,257.01,133928
2024-08-08,268.34,273.625,268.34,271.33,258.82,142354
2024-08-09,271.27,271.645,266.995,267.87,255.52,83094
2024-08-12,266.945,269.38,265.53,269.38,256.96,93837
2024-08-13,270.545,271.95,267.66,270.29,257.83,128713
2024-08-14,269.325,271.45,268.695,271.19,258.69,111738
2024-08-15,272.57,275.755,272.105,274.84,262.17,73132
2024-08-16,275.39,279.455,274.8,278.54,265.7,165992
2024-08-19,282.2,288.31,281.985,287.555,274.3,184586
2024-08-20,286.565,290.15,285.3,285.655,272.49,136691
2024-08-21,287.745,289.97,286.66,289.69,276.34,87921
2024-08-22,289.35,290.14,287.59,289.26,275.93,64413
2024-08-23,289.755,290.74,287.31,289.44,276.1,81542
2024-08-26,289.45,292.04,287.89,288.76,275.45,77006
2024-08-27,288.22,290.28,288.22,289.635,276.29,70681
2024-08-28,289.98,290.94,285.365,287.06,273.83,202773
2024-08-29,287.525,289.0,284.86,287.95,274.68,74990
2024-08-30,288.06,288.87,286.39,288.72,275.41,64663
2024-09-03,286.365,288.025,283.72,285.53,273.95,123215
2024-09-04,286.755,288.94,286.13,287.89,276.22,76859
2024-09-05,288.515,289.26,286.495,287.87,276.2,77147
2024-09-06,288.38,292.14,288.31,289.515,277.78,154049
2024-09-09,290.05,291.62,287.94,291.26,279.45,107867
2024-09-10,292.705,296.035,291.115,291.24,279.43,86450
2024-09-11,290.93,291.435,285.905,290.11,278.35,100745
2024-09-12,289.98,292.67,288.29,292.405,280.55,101611
2024-09-13,293.25,296.71,292.82,296.52,284.5,108094
2024-09-16,297.895,299.92,295.16,296.675,284.65,123385
2024-09-17,296.63,296.83,292.28,293.64,281.74,94368
2024-09-18,293.545,295.06,290.38,292.015,280.18,86381
2024-09-19,294.41,294.92,290.93,293.8,281.89,92058
2024-09-20,293.225,297.99,292.94,296.69,284.66,126969
2024-09-23,298.695,300.11,297.02,299.05,286.93,103497
2024-09-24,299.02,301.39,297.7,300.24,288.07,106944
2024-09-25,300.585,301.48,298.47,300.6,288.41,96164
2024-09-26,300.735,304.185,300.735,303.76,291.45,78757
2024-09-27,303.635,306.905,303.635,303.73,291.42,104974
2024-09-30,303.795,305.03,302.13,304.44,292.1,75284
2024-10-01,304.45,304.87,302.31,302.98,290.7,184863
2024-10-02,300.075,304.06,299.93,303.82,291.5,143722
2024-10-03,303.91,303.91,301.525,303.68,291.37,73331
2024-10-04,303.0,305.79,301.485,303.75,291.44,118901
2024-10-07,303.69,304.935,300.05,300.74,288.55,127418
2024-10-08,302.84,302.84,300.49,301.915,289.68,120111
2024-10-09,302.695,304.96,302.0,303.86,291.54,80997
2024-10-10,303.845,305.58,302.97,303.97,291.65,70349
2024-10-11,304.09,305.495,303.36,305.02,292.65,88010
2024-10-14,305.225,310.39,304.67,309.94,297.38,104396
2024-10-15,311.99,315.34,311.02,313.22,300.52,140299
2024-10-16,311.31,313.725,310.21,312.865,300.18,122320
2024-10-17,314.42,315.03,312.53,314.86,302.1,101514
2024-10-18,315.1,317.12,314.24,316.5,303.67,53526
2024-10-21,317.0,317.665,314.45,314.84,302.08,82907
2024-10-22,314.445,315.74,313.39,314.78,302.02,75991
2024-10-23,292.64,301.56,290.915,298.46,286.36,536513
2024-10-24,299.13,302.335,298.34,301.57,289.34,230736
2024-10-25,301.0,301.32,292.2,292.6,280.74,436272
2024-10-28,299.135,299.89,296.585,296.96,284.92,209493
2024-10-29,297.165,302.7,295.03,295.12,283.16,291640
2024-10-30,294.6,295.185,289.945,291.68,279.86,217676
2024-10-31,292.315,294.32,291.29,292.06,280.22,141449
2024-11-01,293.54,296.81,293.52,295.16,283.19,155268
2024-11-04,294.57,294.57,291.81,292.86,280.99,110570
2024-11-05,293.6,297.34,292.75,297.32,285.27,111327
2024-11-06,299.32,299.82,292.82,293.87,281.96,131250
2024-11-07,294.55,296.39,293.89,295.96,283.96,95268
2024-11-08,295.35,301.75,295.35,299.06,286.94,87360
2024-11-11,300.4,303.795,300.17,301.63,289.4,134576
2024-11-12,301.405,301.405,297.59,298.65,286.54,66045
2024-11-13,298.46,298.465,295.335,297.38,285.32,107040
2024-11-14,297.715,300.075,296.83,298.39,286.29,61444
2024-11-15,298.04,299.49,289.765,292.67,280.81,126107
2024-11-18,293.525,295.44,290.82,291.15,279.35,137618
2024-11-19,290.0,292.015,287.78,290.73,278.94,68092
2024-11-20,290.07,291.05,288.275,290.82,279.03,70011
2024-11-21,285.15,288.58,283.78,288.55,276.85,195210
2024-11-22,288.29,290.57,288.17,290.21,278.45,80627
2024-11-25,292.25,296.57,292.25,296.04,284.04,143659
2024-11-26,297.0,297.1,294.86,296.37,284.36,63495
2024-11-27,296.975,299.49,295.0,295.03,283.07,96133
2024-11-29,294.15,297.02,294.15,296.23,284.22,53557
2024-12-02,293.755,293.99,290.99,292.44,282.27,121945
2024-12-03,291.92,294.8,290.39,294.51,284.27,119162
2024-12-04,293.37,295.98,291.99,295.15,284.89,70256
2024-12-05,295.62,299.7,295.25,299.58,289.16,77075
2024-12-06,301.34,303.685,298.605,298.94,288.55,107397
2024-12-09,297.49,302.46,297.49,301.5,291.02,73389
2024-12-10,300.53,302.76,296.1,300.75,290.29,163127
2024-12-11,301.38,301.38,296.24,296.24,285.94,63472
2024-12-12,296.775,298.27,295.14,296.56,286.25,61589
2024-12-13,296.23,299.125,295.88,296.71,286.39,66815
2024-12-16,297.9,302.06,297.4,297.65,287.3,103287
2024-12-17,297.625,299.925,294.82,296.11,285.81,146303
2024-12-18,294.56,298.79,290.92,290.92,280.81,101443
2024-12-19,290.895,292.78,288.9,290.315,280.22,126017
2024-12-20,289.435,296.07,289.435,292.98,282.79,142925
2024-12-23,292.255,292.55,291.0,291.85,281.7,5165
2024-12-24,291.295,294.27,291.015,294.13,283.9,61169
2024-12-26,292.6,295.385,292.6,294.91,284.66,44990
2024-12-27,293.155,296.41,292.92,293.72,283.51,73981
2024-12-30,291.0,291.0,289.23,289.66,279.59,58256
2024-12-31,290.74,291.02,288.66,289.76,279.69,55381
2025-01-02,290.625,295.615,290.62,292.5,282.33,109404
2025-01-03,293.625,294.95,290.91,294.86,284.61,79288
2025-01-06,293.005,295.6,291.74,292.1,281.94,86263
2025-01-07,293.78,294.82,288.36,289.27,279.21,112551
2025-01-08,289.08,289.08,286.635,286.94,276.96,118865
2025-01-10,287.33,287.625,281.89,281.89,272.09,180820
2025-01-13,282.375,284.4,280.49,283.77,273.9,124997
2025-01-14,284.46,284.98,279.46,281.67,271.88,94131
2025-01-15,284.145,284.38,280.61,282.32,272.5,122504
2025-01-16,280.255,280.945,276.7,279.7,269.98,152635
2025-01-17,280.68,284.04,280.27,281.0,271.23,107332
2025-01-21,280.665,282.9,278.765,282.61,272.78,134186
2025-01-22,282.91,283.485,280.42,281.32,271.54,93058
2025-01-23,280.75,284.91,280.75,284.41,274.52,118131
2025-01-24,284.305,286.83,283.28,285.42,275.5,89358
2025-01-27,287.19,293.43,285.86,293.31,283.11,164102
2025-01-28,292.065,294.28,290.045,291.25,281.12,149155
2025-01-29,291.67,292.925,290.03,290.15,280.06,99521
2025-01-30,290.94,292.03,289.44,290.28,280.19,91329
2025-01-31,289.84,291.07,287.45,288.68,278.64,77876
2025-02-03,287.08,290.855,284.19,290.14,280.05,128602
2025-02-04,289.53,290.64,288.37,290.03,279.95,128424
2025-02-05,289.71,290.055,286.39,288.795,278.75,91964
2025-02-06,291.735,297.12,291.46,294.34,284.11,156365
2025-02-07,296.83,296.83,293.9,294.45,284.21,113224
2025-02-10,302.155,310.2,301.97,308.46,297.74,315364
2025-02-11,307.48,311.52,306.69,310.2,299.41,203309
2025-02-12,310.09,310.09,305.82,307.53,296.84,175087
2025-02-13,308.09,311.53,306.06,310.07,299.29,122329
2025-02-14,310.86,310.86,307.835,308.45,297.73,100458
2025-02-18,307.025,307.18,303.62,304.82,294.22,168531
2025-02-19,303.5,303.64,299.56,301.83,291.34,124127
2025-02-20,299.945,303.02,298.19,302.96,292.43,128577
2025-02-21,303.775,305.88,301.67,304.82,294.22,114541
2025-02-24,304.28,310.265,304.28,307.46,296.77,157133
2025-02-25,309.125,311.64,308.04,310.61,299.81,190560
2025-02-26,310.85,314.54,303.75,304.31,293.73,169991
2025-02-27,305.25,311.62,304.44,309.95,299.17,189368
2025-02-28,307.415,308.48,303.96,308.48,297.75,219203
2025-03-03,307.3,309.22,302.47,304.27,295.39,206725
2025-03-04,304.59,312.74,304.59,305.875,296.94,171656
2025-03-05,303.9,308.36,303.9,307.47,298.49,97753
2025-03-06,308.09,311.3,304.545,310.37,301.31,98212
2025-03-07,310.615,323.15,310.35,321.32,311.94,305563
2025-03-10,319.79,326.245,315.82,317.205,307.94,296143
2025-03-11,317.26,317.4,306.435,306.72,297.77,160796
2025-03-12,303.955,304.48,296.43,299.36,290.62,234031
2025-03-13,299.25,303.425,297.35,297.49,288.8,200771
2025-03-14,296.97,300.585,295.81,299.91,291.15,134679
2025-03-17,301.06,305.065,300.16,304.03,295.15,112004
2025-03-18,303.465,304.795,302.27,303.6,294.74,177245
2025-03-19,304.495,308.035,303.97,307.0,298.04,122022
2025-03-20,307.885,309.65,305.61,307.0,298.04,132979
2025-03-21,306.285,306.795,301.885,305.48,296.56,152133
2025-03-24,305.325,307.4,304.65,305.75,296.82,173208
2025-03-25,306.185,308.66,304.695,306.94,297.98,125037
2025-03-26,307.825,314.04,307.825,313.41,304.26,88020
2025-03-27,314.515,316.45,310.74,312.61,303.48,189641
2025-03-28,309.13,309.865,306.095,307.11,298.14,159912
2025-03-31,304.745,313.2,304.65,312.35,303.23,233678
2025-04-01,313.92,314.665,311.16,313.57,304.42,134966
2025-04-02,312.5,313.865,309.97,311.64,302.54,132239
2025-04-03,312.12,319.695,311.305,318.29,309.0,396754
2025-04-04,314.125,314.57,299.37,300.08,291.32,461740
2025-04-07,293.92,304.36,290.915,299.69,290.94,289754
2025-04-08,303.675,308.15,294.92,300.01,291.25,234814
2025-04-09,297.62,310.45,296.8,304.0,295.12,435389
2025-04-10,301.0,307.47,296.915,306.95,297.99,342908
2025-04-11,306.72,310.66,304.235,309.78,300.74,174744
2025-04-14,312.045,318.15,311.7,316.15,306.92,168328
2025-04-15,317.0,317.195,312.02,312.56,303.43,123648
2025-04-16,313.23,314.22,307.52,309.11,300.09,92124
2025-04-17,309.635,312.88,307.22,311.18,302.1,82208
2025-04-21,310.515,310.61,305.28,308.835,299.82,112429
2025-04-22,311.855,319.99,311.355,319.13,309.81,132553
2025-04-23,318.615,319.62,315.0,318.41,309.11,114527
2025-04-24,318.24,318.69,313.64,316.205,306.97,85269
2025-04-25,317.605,321.11,315.21,316.615,307.37,65874
2025-04-28,316.61,317.73,314.4,316.76,307.51,77010
2025-04-29,316.0,316.39,313.32,314.4,305.22,108530
2025-04-30,315.295,320.98,313.145,319.49,310.16,122160
2025-05-01,313.02,319.01,311.89,313.77,304.61,160854
2025-05-02,314.03,315.875,310.71,311.97,302.86,161502
2025-05-05,312.8,317.36,310.7,315.87,306.65,114668
2025-05-06,313.775,317.19,313.315,316.72,307.47,81292
2025-05-07,316.12,319.2,316.12,318.07,308.78,96817
2025-05-08,318.81,319.445,313.22,313.495,304.34,70827
2025-05-09,313.36,314.185,311.2,313.68,304.52,86111
2025-05-12,308.94,312.17,305.34,311.98,302.87,131785
2025-05-13,311.335,312.07,308.5,308.78,299.77,70540
2025-05-14,308.85,308.85,305.72,307.49,298.51,101635
2025-05-15,309.475,315.13,309.4,314.25,305.08,94608
2025-05-16,314.145,318.635,313.37,318.54,309.24,54130
2025-05-19,318.28,321.525,318.2,321.29,311.91,52337
2025-05-20,321.325,321.44,318.97,319.76,310.42,57184
2025-05-21,318.34,318.45,315.29,316.37,307.13,89466
2025-05-22,316.44,316.505,312.63,314.31,305.13,62500
2025-05-23,314.96,315.65,313.78,314.545,305.36,77052
2025-05-27,314.63,315.45,312.2,315.02,305.82,69881
2025-05-28,314.63,315.62,312.39,312.95,303.81,55467
2025-05-29,312.31,313.37,310.21,311.71,302.61,50182
2025-05-30,313.01,315.245,311.67,313.88,304.72,87264
2025-06-02,310.095,313.06,309.72,313.035,305.62,54022
2025-06-03,312.09,314.17,309.25,312.47,305.07,108824
2025-06-04,312.405,314.14,309.6,311.73,304.35,69424
2025-06-05,311.52,311.52,307.85,308.89,301.57,195937
2025-06-06,308.46,309.78,306.83,307.31,300.03,73877
2025-06-09,302.89,305.18,300.03,304.77,297.55,139583
2025-06-10,300.305,302.22,299.49,300.43,293.31,205667
2025-06-11,300.2,303.2,297.24,301.78,294.63,96174
2025-06-12,302.09,303.11,300.205,303.11,295.93,107669
2025-06-13,302.06,305.02,301.295,301.79,294.64,123385
2025-06-16,303.23,303.23,295.75,296.13,289.12,145350
2025-06-17,295.145,295.61,291.835,292.39,285.46,154664
2025-06-18,292.785,292.93,288.66,289.57,282.71,140504
2025-06-20,289.52,290.5,285.61,287.45,280.64,149351
2025-06-23,288.235,289.445,286.07,289.41,282.55,196278
2025-06-24,289.955,292.06,288.675,291.44,284.54,88684
2025-06-25,290.945,290.945,284.32,285.67,278.9,100577
2025-06-26,285.495,286.755,283.56,285.56,278.8,158430
2025-06-27,285.555,292.09,285.425,291.625,284.72,209641
2025-06-30,291.51,293.49,291.01,292.21,285.29,153297
2025-07-01,292.705,299.58,292.705,297.535,290.49,182561
2025-07-02,297.0,298.08,292.665,294.55,287.57,153810
2025-07-03,294.39,294.59,292.635,293.79,286.83,44365
2025-07-07,294.625,295.61,292.55,293.5,286.55,80440
2025-07-08,292.53,292.6,290.3,291.65,284.74,122122
2025-07-09,292.41,293.73,291.7,293.01,286.07,133930
2025-07-10,296.1,300.74,295.25,298.37,291.3,179674
2025-07-11,298.345,302.67,297.55,299.77,292.67,182862
2025-07-14,299.15,302.05,294.99,301.97,294.82,209867
2025-07-15,301.045,302.685,299.24,299.52,292.42,98873
2025-07-16,299.735,300.02,296.355,298.72,291.64,79781
2025-07-17,299.64,302.27,298.42,300.43,293.31,138828
2025-07-18,299.97,299.98,296.435,296.99,289.95,109885
2025-07-21,298.38,298.77,295.41,295.74,288.73,119390
2025-07-22,295.95,299.995,295.93,299.16,292.07,51645
2025-07-23,299.25,299.28,296.96,297.98,290.92,53766
2025-07-24,295.71,297.42,294.42,294.51,287.53,115200
2025-07-25,296.26,298.6,294.945,298.51,291.44,117928
2025-07-28,297.42,299.9,294.99,299.195,292.11,88917
2025-07-29,299.41,302.74,299.1,302.74,295.57,116718
2025-07-30,302.125,305.33,301.08,303.58,296.39,97516
2025-07-31,301.565,303.38,300.02,300.17,293.06,80767
2025-08-01,303.475,303.64,301.415,302.89,295.71,171096
2025-08-04,301.52,306.01,301.52,304.17,296.96,138202
2025-08-05,303.605,304.415,298.37,298.62,291.55,151031
2025-08-06,306.715,310.33,302.06,307.515,300.23,207817
2025-08-07,308.27,309.88,304.45,307.93,300.64,138273
2025-08-08,307.02,308.42,304.05,305.54,298.3,114499
2025-08-11,305.605,307.275,303.86,304.32,297.11,98248
2025-08-12,304.695,305.32,299.96,301.67,294.52,136010
2025-08-13,301.965,305.29,301.77,304.98,297.76,116824
2025-08-14,304.975,309.17,302.83,308.84,301.52,135229
2025-08-15,309.6,310.125,306.61,308.97,301.65,61360
2025-08-18,308.275,309.97,306.58,308.75,301.44,56547
2025-08-19,308.765,314.185,308.75,310.93,303.56,104559
2025-08-20,313.92,315.98,312.78,313.12,305.7,173934
2025-08-21,311.68,313.58,311.3,313.18,305.76,93621
2025-08-22,314.415,316.65,313.23,314.03,306.59,84683
2025-08-25,313.79,315.435,312.11,313.26,305.84,60233
2025-08-26,313.415,314.84,312.31,312.93,305.52,72738
2025-08-27,313.945,315.63,311.45,311.495,304.12,135893
2025-08-28,310.83,312.45,309.44,312.29,304.89,84246
2025-08-29,312.8,313.88,311.495,313.44,306.01,80805
2025-09-02,313.075,316.12,312.53,315.73,310.0,121681
2025-09-03,315.48,316.85,313.08,316.49,310.75,80661
2025-09-04,317.425,319.365,316.58,316.99,311.24,90967
2025-09-05,317.945,317.945,313.27,314.37,308.67,102304
2025-09-08,312.9,312.99,310.15,312.84,307.16,112555
2025-09-09,311.11,313.7,311.06,312.43,306.76,88160
2025-09-10,311.17,311.17,304.705,306.01,300.46,125128
2025-09-11,306.25,308.9,305.48,308.43,302.83,83052
2025-09-12,307.425,307.8,305.29,305.38,299.84,51675
2025-09-15,305.125,305.385,300.58,302.02,296.54,178722
2025-09-16,304.36,305.745,302.805,303.31,297.81,102405
2025-09-17,304.825,306.52,304.09,304.81,299.28,76098
2025-09-18,301.3,302.175,298.0,301.12,295.66,174989
2025-09-19,301.8,304.64,300.91,302.35,296.86,117088
2025-09-22,302.39,304.12,300.59,303.07,297.57,80893
2025-09-23,303.53,304.25,300.315,303.09,297.59,106141
2025-09-24,302.47,305.98,302.47,304.22,298.7,88370
2025-09-25,305.99,306.29,302.11,302.19,296.71,103567
2025-09-26,303.185,305.78,302.31,305.215,299.68,171737
2025-09-29,305.89,305.89,301.905,302.87,297.37,75008
2025-09-30,302.51,304.48,302.06,303.92,298.41,129014
2025-10-01,303.96,304.67,298.39,300.68,295.22,98599
2025-10-02,299.78,302.25,299.385,299.94,294.5,125475
2025-10-03,299.39,301.31,298.72,300.89,295.43,107058
2025-10-06,299.64,299.64,295.34,296.03,290.66,94223
2025-10-07,295.095,298.01,294.2,296.31,290.93,95736
2025-10-08,295.53,295.615,293.49,294.34,289.0,120326
2025-10-09,293.74,294.945,292.175,293.76,288.43,100781
2025-10-10,294.24,297.91,292.91,297.09,291.7,202985
2025-10-13,294.52,300.295,294.255,300.16,294.71,113494
2025-10-14,300.45,305.5,300.45,304.65,299.12,122421
2025-10-15,304.895,308.93,304.885,305.41,299.87,106407
2025-10-16,305.55,307.185,304.97,305.34,299.8,80584
2025-10-17,306.73,308.315,306.68,308.14,302.55,74671
2025-10-20,308.07,308.46,305.98,307.91,302.32,73424
2025-10-21,308.04,308.32,306.4,307.5,301.92,110709
2025-10-22,308.39,312.58,307.31,310.15,304.52,86895
2025-10-23,311.23,311.23,306.22,306.99,301.42,92252
2025-10-24,307.69,307.69,305.15,305.76,300.21,71179
2025-10-27,306.61,310.07,305.82,310.06,304.43,51411
2025-10-28,308.505,310.525,306.5,306.5,300.94,83829
2025-10-29,303.83,304.305,301.34,302.32,296.83,82860
2025-10-30,300.6,304.265,300.6,302.64,297.15,155445
2025-10-31,300.045,300.45,297.03,298.46,293.04,161692
2025-11-03,297.47,297.47,294.45,296.335,290.96,125284
2025-11-04,298.21,299.3,296.455,299.13,293.7,137018
2025-11-05,300.08,310.08,299.7,305.78,300.23,236953
2025-11-06,304.71,306.295,297.55,298.44,293.02,121793
2025-11-07,300.32,302.5,298.37,299.63,294.19,201434
2025-11-10,298.635,300.02,296.185,299.17,293.74,176009
2025-11-11,301.965,307.26,301.7,306.93,301.36,136840
2025-11-12,306.615,308.81,306.09,306.96,301.39,104830
2025-11-13,307.46,310.1,306.66,307.57,301.99,84919
2025-11-14,308.25,310.32,303.4,307.05,301.48,147878
2025-11-17,307.345,307.46,304.26,304.72,299.19,68791
2025-11-18,305.36,308.29,304.16,304.61,299.08,95017
2025-11-19,304.235,304.82,302.15,302.77,297.28,71938
2025-11-20,302.66,305.575,301.89,304.185,298.67,77336
2025-11-21,307.01,310.38,306.32,309.36,303.75,104297
2025-11-24,308.92,309.425,304.03,304.95,299.42,106556
2025-11-25,307.335,311.27,307.3,310.46,304.83,108227
2025-11-26,311.815,312.81,309.855,312.45,306.78,103321
2025-11-28,312.635,313.07,310.77,311.33,305.68,55258
2025-12-01,309.245,309.245,303.38,303.56,299.84,113282
2025-12-02,303.785,303.785,299.635,300.75,297.06,103211
2025-12-03,302.46,308.715,302.46,307.815,304.04,111366
2025-12-04,309.47,313.64,307.36,308.52,304.74,348191
2025-12-05,308.83,312.0,308.51,311.195,307.38,109675
2025-12-08,311.43,313.71,309.085,309.795,306.0,97741
2025-12-09,312.405,312.58,308.46,310.82,307.01,103496
2025-12-10,309.5,311.29,306.35,310.51,306.7,122190
2025-12-11,311.585,312.935,309.15,309.7,305.9,180142
2025-12-12,310.4,317.73,310.4,316.71,312.83,157995
2025-12-15,317.275,319.64,315.8,318.81,314.9,109504
2025-12-16,319.515,320.335,314.35,314.505,310.65,75767
2025-12-17,315.58,319.125,315.02,318.78,314.87,88823
2025-12-18,319.375,321.76,318.37,319.76,315.84,118055
2025-12-19,318.94,319.185,315.78,315.8,311.93,86967
2025-12-22,314.9,318.18,314.5,316.23,312.35,78477
2025-12-23,312.275,314.015,310.695,310.86,307.05,121541
2025-12-24,310.7,313.39,310.35,313.25,309.41,33867
2025-12-26,313.26,313.26,309.925,310.65,306.84,38571
2025-12-29,310.465,311.0,308.22,308.54,304.76,64122
2025-12-30,307.75,308.6,306.86,308.01,304.24,47223
2025-12-31,307.755,307.755,305.39,305.6,301.86,38846
2026-01-02,305.215,305.235,300.41,303.25,299.53,144014
2026-01-05,300.825,302.32,299.615,299.82,296.15,179358
2026-01-06,299.01,304.175,298.365,302.79,299.08,136202
2026-01-07,305.64,307.0,303.505,304.14,300.41,170217
2026-01-08,302.63,308.985,302.63,308.91,305.12,113203
2026-01-09,309.445,309.49,304.625,307.31,303.54,100427
2026-01-12,304.93,307.42,304.38,306.7,302.94,83822
2026-01-13,305.69,309.66,305.65,309.375,305.58,86722
2026-01-14,309.73,311.035,305.94,308.1,304.32,109759
2026-01-15,307.28,308.71,303.855,308.6,304.82,119752
2026-01-16,306.97,308.345,305.93,307.44,303.67,73616
2026-01-20,306.355,306.47,302.475,302.81,299.1,99341
2026-01-21,303.71,305.71,303.225,305.675,301.93,157140
2026-01-22,306.29,307.545,304.975,306.0,302.25,118031
2026-01-23,306.025,309.485,305.52,309.2,305.41,90859
2026-01-26,310.235,314.295,310.235,312.935,309.1,154575
2026-01-27,312.255,314.56,311.335,314.09,310.24,99185
2026-01-28,314.94,316.2,311.64,312.84,309.01,83639
2026-01-29,313.06,317.33,312.35,315.39,311.53,108358
2026-01-30,315.76,315.85,311.595,314.93,311.07,101300
2026-02-02,318.75,319.435,315.49,318.545,314.64,114011
2026-02-03,316.49,322.835,316.37,319.44,315.53,175060
2026-02-04,321.045,326.915,320.02,323.58,319.61,197619
2026-02-05,325.3,328.02,322.965,323.5,319.54,174199
2026-02-06,322.42,327.48,321.305,327.23,323.22,106319
2026-02-09,325.32,327.235,323.325,325.59,321.6,120308
2026-02-10,325.315,327.72,323.51,325.94,321.95,113159
2026-02-11,324.24,325.18,321.24,323.15,319.19,194910
2026-02-12,329.94,333.36,320.23,332.055,327.99,266588
2026-02-13,332.98,335.39,326.54,327.51,323.5,122830
2026-02-17,331.17,331.71,325.05,327.61,323.6,116441
2026-02-18,325.585,328.7,323.85,327.76,323.74,154547
2026-02-19,328.425,332.935,327.01,327.01,323.0,174004
2026-02-20,327.705,330.26,326.61,329.185,325.15,103188
2026-02-23,330.89,335.565,330.89,334.655,330.55,159039
2026-02-24,335.125,335.8,332.42,333.53,329.44,88876
2026-02-25,332.36,334.045,330.07,333.04,328.96,61995
2026-02-26,334.055,336.86,333.5,334.53,330.43,78559
2026-02-27,337.18,341.27,336.91,341.075,336.9,80160
2026-03-02,340.44,341.4,334.48,334.78,330.68,124441
2026-03-03,329.84,331.955,327.76,331.955,329.72,93916
2026-03-04,331.25,332.765,330.16,331.595,329.36,67619
2026-03-05,329.21,330.71,324.155,327.355,325.15,94161
2026-03-06,325.8,328.29,321.565,328.06,325.85,114546
2026-03-09,325.905,331.665,324.69,330.685,328.46,113622
2026-03-10,329.15,329.49,326.81,327.89,325.68,93619
2026-03-11,327.0,327.32,322.415,325.18,322.99,78904
2026-03-12,323.25,327.31,322.525,323.96,321.78,100922
2026-03-13,325.375,326.75,324.51,326.41,324.21,88609
2026-03-16,327.63,328.58,326.575,326.625,324.42,72985
2026-03-17,327.9,330.42,326.12,326.23,324.03,68890
2026-03-18,323.275,323.275,315.27,315.72,313.59,92955
2026-03-19,314.91,316.275,309.475,309.475,307.39,147171
2026-03-20,310.0,311.32,307.74,309.05,306.97,251148
2026-03-23,312.875,312.875,308.105,308.53,306.45,119866
2026-03-24,305.58,311.055,305.08,307.83,305.76,88616
2026-03-25,310.555,312.895,308.31,311.62,309.52,150596
2026-03-26,311.15,312.54,308.825,309.02,306.94,103244
2026-03-27,309.965,309.97,305.395,305.9,303.84,82855
2026-03-30,309.045,310.735,307.8,308.53,306.45,145823
2026-03-31,310.42,311.665,307.9,310.79,308.7,84211
2026-04-01,310.545,310.545,304.11,307.19,305.12,153802
2026-04-02,306.99,307.5,303.13,307.06,304.99,140545
2026-04-06,306.19,310.31,306.16,309.79,307.7,82261
2026-04-07,309.79,309.79,304.225,304.83,302.78,79847
2026-04-08,306.0,307.96,303.23,306.995,304.93,165137
2026-04-09,305.64,311.04,304.17,309.61,307.52,96286
2026-04-10,307.475,308.24,304.22,305.7,303.64,125965
2026-04-13,304.72,304.845,302.175,304.49,302.44,95564
2026-04-14,303.34,303.38,301.68,303.23,301.19,115117
2026-04-15,303.43,306.87,303.11,306.28,304.22,118784
2026-04-16,306.675,308.23,304.89,307.0,304.93,110819
2026-04-17,308.19,312.515,308.16,311.38,309.28,98112
2026-04-20,312.27,312.27,305.95,306.97,304.9,93071
2026-04-21,305.76,306.14,301.0,301.81,299.78,91563
2026-04-22,302.245,302.9,299.865,300.12,298.1,102383
2026-04-23,302.51,304.87,301.97,302.5,300.46,126081
2026-04-24,302.19,302.19,299.24,299.29,297.27,164330
2026-04-27,297.69,297.69,290.19,290.29,288.33,154719
2026-04-28,292.47,294.635,291.06,292.39,290.42,102389
2026-04-29,290.965,292.44,289.4,290.065,288.11,92271
2026-04-30,291.06,294.51,290.3,293.65,291.67,130520
2026-05-01,295.13,295.23,286.385,286.685,284.75,162285
2026-05-04,285.94,289.72,283.72,284.155,282.24,149826
2026-05-05,284.05,286.525,283.07,285.14,283.22,158752
2026-05-06,288.165,288.35,282.47,283.97,282.06,188538
2026-05-07,287.97,291.4,282.175,283.65,281.74,254789
2026-05-08,285.235,286.26,274.91,275.74,273.88,189113
2026-05-11,275.9,276.595,272.0,274.595,272.75,283687
2026-05-12,278.21,279.185,274.8,274.8,272.95,184931
2026-05-13,273.86,277.49,273.42,275.7,273.84,135723
2026-05-14,277.31,277.67,274.37,274.975,273.12,121899
2026-05-15,276.55,277.45,275.06,276.39,274.53,126417
2026-05-18,276.0,282.78,275.395,282.45,280.55,160749
2026-05-19,283.505,285.27,280.47,280.87,278.98,123529
2026-05-20,280.21,280.92,276.7,280.285,278.4,123399
2026-05-21,281.155,285.13,280.03,284.18,282.27,163196
2026-05-22,282.6,283.71,280.45,282.31,280.41,109167
2026-05-26,281.025,281.82,278.72,279.375,277.49,111859
2026-05-27,280.72,283.46,279.89,280.88,278.99,165217
2026-05-28,279.81,280.13,277.54,277.98,276.11,107235
2026-05-29,277.56,281.415,277.51,279.31,277.43,149276
2026-06-01,278.06,278.865,273.415,276.11,274.25,118336
2026-06-02,274.06,278.0,273.01,276.47,276.47,229846
2026-06-03,275.29,276.74,273.35,273.45,273.45,298024
2026-06-04,278.065,278.355,271.855,272.76,272.76,113554
2026-06-05,275.125,280.73,274.785,279.89,279.89,236414
